Date,Open,High,Low,Close,Adj Close,Volume
2014-03-10,128.880005,129.610001,128.779999,129.130005,129.130005,4169900
2014-03-11,130.009995,130.149994,128.929993,129.860001,129.860001,7289800
2014-03-12,131.559998,132.119995,131.389999,131.759995,131.759995,11094200
2014-03-13,131.690002,132.539993,131.559998,132.210007,132.210007,8007700
2014-03-14,133.679993,133.690002,132.350006,133.100006,133.100006,11939600
2014-03-17,132.729996,133.220001,131.220001,131.639999,131.639999,14626800
2014-03-18,130.389999,131.270004,130.330002,130.619995,130.619995,6424400
2014-03-19,129.550003,129.679993,127.940002,128.089996,128.089996,12932900
2014-03-20,127.779999,128.410004,127.580002,127.860001,127.860001,7690800
2014-03-21,129.039993,129.089996,128.410004,128.470001,128.470001,7237300
2014-03-24,126.870003,127.139999,126.029999,126.180000,126.180000,13076500
2014-03-25,126.440002,126.820000,126.239998,126.410004,126.410004,6566900
2014-03-26,126.269997,126.379997,125.129997,125.410004,125.410004,8575400
2014-03-27,125.059998,125.290001,124.209999,124.589996,124.589996,7312300
2014-03-28,124.230003,124.959999,123.879997,124.559998,124.559998,7253700
2014-03-31,124.519997,124.790001,123.570000,123.610001,123.610001,12379200
2014-04-01,123.709999,123.849998,123.110001,123.389999,123.389999,5992000
2014-04-02,124.410004,124.750000,124.190002,124.320000,124.320000,4907800
2014-04-03,123.750000,124.260002,123.589996,123.919998,123.919998,3658800
2014-04-04,125.199997,125.959999,124.860001,125.570000,125.570000,7278400
2014-04-07,125.070000,125.470001,124.839996,124.910004,124.910004,3967200
2014-04-08,126.339996,126.339996,125.900002,126.089996,126.089996,6939100
2014-04-09,125.459999,126.720001,125.330002,126.320000,126.320000,5305600
2014-04-10,126.949997,127.370003,126.820000,127.010002,127.010002,5003200
2014-04-11,127.040001,127.309998,126.730003,126.930000,126.930000,4697200
2014-04-14,127.800003,128.250000,127.620003,127.849998,127.849998,6677400
2014-04-15,124.790001,125.699997,124.599998,125.489998,125.489998,9967600
2014-04-16,125.370003,125.570000,125.029999,125.540001,125.540001,4071300
2014-04-17,125.379997,125.529999,124.570000,124.750000,124.750000,5901900
2014-04-21,124.070000,124.330002,123.760002,124.239998,124.239998,6579200
2014-04-22,124.150002,124.160004,122.919998,123.779999,123.779999,6898100
2014-04-23,123.699997,123.940002,123.379997,123.760002,123.760002,3736600
2014-04-24,122.870003,125.120003,122.839996,124.559998,124.559998,8754200
2014-04-25,125.169998,125.709999,125.070000,125.430000,125.430000,7023700
2014-04-28,125.300003,125.339996,124.449997,124.879997,124.879997,4897900
2014-04-29,124.949997,125.379997,124.650002,124.860001,124.860001,5241600
2014-04-30,124.190002,125.050003,123.820000,124.220001,124.220001,10352900
2014-05-01,123.169998,123.830002,123.059998,123.800003,123.800003,6687300
2014-05-02,123.690002,125.669998,123.330002,125.059998,125.059998,9912900
2014-05-05,126.470001,126.629997,126.000000,126.220001,126.220001,5196500
2014-05-06,126.019997,126.110001,125.629997,125.980003,125.980003,3488000
2014-05-07,125.519997,125.570000,123.919998,124.169998,124.169998,8469900
2014-05-08,124.190002,124.470001,123.889999,124.169998,124.169998,3695500
2014-05-09,124.389999,124.470001,123.820000,124.099998,124.099998,3120000
2014-05-12,125.400002,125.419998,124.690002,124.940002,124.940002,4025500
2014-05-13,124.790001,125.099998,124.500000,124.599998,124.599998,2643500
2014-05-14,125.800003,125.959999,125.440002,125.809998,125.809998,4015900
2014-05-15,124.769997,125.510002,124.540001,124.769997,124.769997,5861100
2014-05-16,124.349998,124.769997,124.290001,124.500000,124.500000,4052100
2014-05-19,125.279999,125.470001,124.480003,124.580002,124.580002,3902600
2014-05-20,124.120003,124.910004,124.089996,124.690002,124.690002,3770800
2014-05-21,124.250000,124.550003,123.529999,124.389999,124.389999,6846500
2014-05-22,125.139999,125.239998,124.540001,124.669998,124.669998,3458800
2014-05-23,124.599998,124.660004,124.190002,124.510002,124.510002,2205900
2014-05-27,122.980003,123.070000,121.750000,121.849998,121.849998,10895800
2014-05-28,121.470001,121.699997,120.919998,121.199997,121.199997,6736800
2014-05-29,120.779999,121.459999,120.769997,120.940002,120.940002,5551900
2014-05-30,120.760002,120.809998,119.620003,120.430000,120.430000,8749600
2014-06-02,119.930000,120.459999,119.610001,119.699997,119.699997,5916100
2014-06-03,119.730003,120.089996,119.419998,120.010002,120.010002,5008300
2014-06-04,120.099998,120.160004,119.680000,119.760002,119.760002,3859500
2014-06-05,120.550003,120.879997,120.430000,120.660004,120.660004,4180400
2014-06-06,120.680000,120.769997,119.940002,120.610001,120.610001,4807700
2014-06-09,120.790001,120.849998,120.570000,120.650002,120.650002,2788000
2014-06-10,121.290001,121.470001,121.209999,121.389999,121.389999,3556600
2014-06-11,121.510002,121.610001,121.180000,121.410004,121.410004,3572300
2014-06-12,121.919998,122.750000,121.830002,122.639999,122.639999,7388500
2014-06-13,122.570000,123.040001,122.510002,122.959999,122.959999,4026600
2014-06-16,122.879997,123.010002,122.300003,122.419998,122.419998,5832800
2014-06-17,121.849998,122.500000,121.820000,122.279999,122.279999,4032800
2014-06-18,122.220001,122.800003,122.089996,122.669998,122.669998,4601700
2014-06-19,124.330002,127.230003,124.320000,126.940002,126.940002,24374800
2014-06-20,126.320000,127.070000,126.209999,126.500000,126.500000,9954700
2014-06-23,126.650002,126.940002,126.370003,126.849998,126.849998,5142800
2014-06-24,127.220001,127.320000,126.730003,126.980003,126.980003,6350200
2014-06-25,126.779999,127.550003,126.660004,126.989998,126.989998,6692300
2014-06-26,126.529999,126.919998,126.199997,126.730003,126.730003,5529800
2014-06-27,126.879997,127.169998,126.650002,126.660004,126.660004,4200300
2014-06-30,126.529999,128.039993,126.370003,128.039993,128.039993,18123400
2014-07-01,127.989998,128.119995,127.489998,127.699997,127.699997,8145900
2014-07-02,127.760002,128.240005,127.639999,127.699997,127.699997,5738900
2014-07-03,126.790001,127.290001,126.610001,127.160004,127.160004,4922500
2014-07-07,126.629997,127.029999,126.230003,127.019997,127.019997,4630200
2014-07-08,127.290001,127.529999,126.430000,127.070000,127.070000,6216600
2014-07-09,127.540001,128.259995,127.180000,127.839996,127.839996,8362700
2014-07-10,129.110001,129.210007,128.490005,128.539993,128.539993,6313300
2014-07-11,128.410004,128.830002,128.380005,128.779999,128.779999,4322100
2014-07-14,125.500000,126.099998,125.449997,125.720001,125.720001,11465500
2014-07-15,125.889999,126.320000,124.360001,124.529999,124.529999,10541700
2014-07-16,125.019997,125.470001,124.779999,124.970001,124.970001,4099800
2014-07-17,125.519997,127.550003,125.110001,127.089996,127.089996,11423900
2014-07-18,125.790001,126.209999,125.669998,126.129997,126.129997,6460900
2014-07-21,126.529999,126.550003,126.110001,126.339996,126.339996,3296300
2014-07-22,126.330002,126.430000,125.470001,125.739998,125.739998,3882000
2014-07-23,125.720001,126.040001,125.400002,125.620003,125.620003,3041400
2014-07-24,124.849998,124.870003,123.900002,124.349998,124.349998,8111600
2014-07-25,124.480003,125.930000,124.430000,125.790001,125.790001,5638800
2014-07-28,125.440002,125.669998,125.300003,125.580002,125.580002,3212900
2014-07-29,125.790001,125.879997,124.720001,125.199997,125.199997,5267700
2014-07-30,124.889999,124.930000,124.410004,124.830002,124.830002,5614800
2014-07-31,123.849998,124.070000,123.230003,123.389999,123.389999,9896500
2014-08-01,124.540001,124.809998,124.230003,124.379997,124.379997,7397000
2014-08-04,124.360001,124.470001,123.730003,123.989998,123.989998,6499400
2014-08-05,123.739998,124.519997,123.400002,123.870003,123.870003,8342500
2014-08-06,125.709999,126.000000,125.519997,125.669998,125.669998,9327800
2014-08-07,125.470001,126.510002,125.370003,126.180000,126.180000,7298900
2014-08-08,126.080002,126.410004,125.889999,126.190002,126.190002,5728200
2014-08-11,125.839996,126.040001,125.639999,125.959999,125.959999,3163500
2014-08-12,126.419998,126.809998,125.870003,125.989998,125.989998,4609700
2014-08-13,126.349998,126.529999,125.900002,126.199997,126.199997,3967500
2014-08-14,126.239998,126.529999,126.129997,126.309998,126.309998,3348500
2014-08-15,124.519997,126.070000,124.410004,125.480003,125.480003,13070500
2014-08-18,124.779999,125.080002,124.650002,124.959999,124.959999,4952500
2014-08-19,125.000000,125.000000,124.480003,124.680000,124.680000,4878400
2014-08-20,124.820000,124.820000,123.879997,124.220001,124.220001,4395600
2014-08-21,122.720001,123.239998,122.449997,122.879997,122.879997,8008800
2014-08-22,123.089996,123.330002,122.570000,123.190002,123.190002,4739200
2014-08-25,122.919998,123.040001,122.720001,122.739998,122.739998,5012400
2014-08-26,123.919998,123.970001,123.279999,123.349998,123.349998,3882300
2014-08-27,123.599998,123.709999,123.250000,123.320000,123.320000,2576800
2014-08-28,124.150002,124.330002,123.809998,124.000000,124.000000,3296700
2014-08-29,123.750000,124.220001,123.620003,123.860001,123.860001,3683500
2014-09-02,121.970001,122.080002,121.430000,121.650002,121.650002,10128600
2014-09-03,121.699997,122.199997,121.660004,122.150002,122.150002,3414600
2014-09-04,122.480003,122.660004,121.250000,121.480003,121.480003,7310600
2014-09-05,121.830002,122.059998,121.629997,122.059998,122.059998,3490100
2014-09-08,121.580002,121.610001,120.370003,120.730003,120.730003,7506500
2014-09-09,120.570000,120.940002,120.000000,120.870003,120.870003,6157300
2014-09-10,120.129997,120.540001,119.639999,120.260002,120.260002,7021500
2014-09-11,119.610001,119.699997,118.769997,119.470001,119.470001,7612000
2014-09-12,118.629997,118.900002,118.070000,118.379997,118.379997,8126500
2014-09-15,118.790001,118.860001,118.459999,118.639999,118.639999,4775400
2014-09-16,118.849998,119.430000,118.440002,118.830002,118.830002,6544500
2014-09-17,118.949997,119.239998,117.500000,117.540001,117.540001,8328700
2014-09-18,117.410004,118.089996,117.190002,117.779999,117.779999,5368700
2014-09-19,117.510002,117.570000,116.720001,117.089996,117.089996,10930200
2014-09-22,116.720001,117.370003,116.580002,116.849998,116.849998,7601600
2014-09-23,117.989998,117.989998,117.309998,117.599998,117.599998,4664800
2014-09-24,117.120003,117.720001,116.900002,117.050003,117.050003,5515000
2014-09-25,116.300003,117.760002,116.199997,117.389999,117.389999,7631700
2014-09-26,117.019997,117.099998,116.580002,117.059998,117.059998,4185200
2014-09-29,117.269997,117.400002,116.900002,117.029999,117.029999,4049500
2014-09-30,116.540001,117.349998,115.849998,116.209999,116.209999,10170100
2014-10-01,116.610001,117.260002,116.589996,116.769997,116.769997,7018800
2014-10-02,116.860001,117.209999,116.330002,116.739998,116.739998,6349900
2014-10-03,115.169998,115.510002,114.419998,114.610001,114.610001,11301300
2014-10-06,115.160004,116.309998,114.940002,116.029999,116.029999,7644100
2014-10-07,116.309998,116.629997,116.089996,116.360001,116.360001,5274700
2014-10-08,117.029999,117.709999,115.849998,117.470001,117.470001,10670900
2014-10-09,117.860001,118.260002,117.489998,117.639999,117.639999,6610500
2014-10-10,117.699997,117.739998,117.190002,117.589996,117.589996,4651400
2014-10-13,118.139999,118.669998,117.930000,118.519997,118.519997,5396300
2014-10-14,118.580002,118.820000,118.349998,118.589996,118.589996,5174800
2014-10-15,119.230003,120.180000,118.589996,118.989998,118.989998,9453800
2014-10-16,119.019997,119.650002,118.879997,119.220001,119.220001,6545400
2014-10-17,119.059998,119.230003,118.419998,118.989998,118.989998,8059000
2014-10-20,119.680000,119.860001,119.540001,119.800003,119.800003,3033700
2014-10-21,120.269997,120.500000,119.910004,120.019997,120.019997,4566100
2014-10-22,119.690002,119.790001,119.250000,119.339996,119.339996,3740200
2014-10-23,118.709999,118.820000,117.879997,118.519997,118.519997,6417500
2014-10-24,118.620003,118.629997,118.120003,118.349998,118.349998,3610600
2014-10-27,118.180000,118.370003,118.010002,118.059998,118.059998,2443600
2014-10-28,118.480003,118.480003,118.010002,118.099998,118.099998,3260100
2014-10-29,117.650002,117.910004,116.139999,116.410004,116.410004,7900800
2014-10-30,115.800003,115.830002,114.940002,115.190002,115.190002,7852200
2014-10-31,111.830002,112.879997,111.660004,112.660004,112.660004,18208200
2014-11-03,112.389999,112.680000,112.000000,112.150002,112.150002,6589800
2014-11-04,112.120003,112.709999,112.080002,112.220001,112.220001,6430100
2014-11-05,109.919998,110.839996,109.669998,109.790001,109.790001,13560100
2014-11-06,109.919998,110.489998,109.750000,109.879997,109.879997,7019900
2014-11-07,110.779999,113.150002,110.730003,112.970001,112.970001,10916500
2014-11-10,112.239998,112.239998,110.279999,110.459999,110.459999,8548500
2014-11-11,111.080002,112.760002,110.870003,112.040001,112.040001,8603200
2014-11-12,112.050003,112.169998,111.230003,111.500000,111.500000,5133300
2014-11-13,111.889999,112.260002,111.220001,111.669998,111.669998,4874600
2014-11-14,110.760002,114.720001,110.650002,114.470001,114.470001,14173600
2014-11-17,113.970001,114.269997,113.559998,114.050003,114.050003,5441000
2014-11-18,114.860001,115.169998,114.550003,115.050003,115.050003,5586700
2014-11-19,114.930000,115.349998,112.879997,113.680000,113.680000,11997700
2014-11-20,114.570000,115.019997,114.089996,114.860001,114.860001,5607800
2014-11-21,115.580002,115.959999,114.470001,115.389999,115.389999,6564300
2014-11-24,115.150002,115.370003,114.790001,115.110001,115.110001,4695000
2014-11-25,115.099998,115.470001,114.900002,115.379997,115.379997,9051800
2014-11-26,115.250000,115.339996,114.980003,115.160004,115.160004,3184000
2014-11-28,113.529999,113.830002,111.949997,112.110001,112.110001,9616300
2014-12-01,113.800003,117.360001,113.739998,116.580002,116.580002,15644000
2014-12-02,115.129997,115.709999,114.720001,115.139999,115.139999,6378100
2014-12-03,115.680000,116.760002,115.559998,116.330002,116.330002,5758800
2014-12-04,116.010002,116.339996,115.610001,115.879997,115.879997,3623600
2014-12-05,115.160004,115.180000,114.239998,114.430000,114.430000,6331000
2014-12-08,114.970001,116.160004,114.459999,115.779999,115.779999,5224500
2014-12-09,117.040001,118.989998,116.980003,118.190002,118.190002,10467200
2014-12-10,118.150002,118.470001,117.809998,117.959999,117.959999,4277400
2014-12-11,116.980003,118.379997,116.820000,117.690002,117.690002,5214500
2014-12-12,117.389999,117.800003,116.680000,117.410004,117.410004,4736500
2014-12-15,116.220001,116.970001,114.360001,114.389999,114.389999,8796000
2014-12-16,116.279999,116.500000,114.070000,114.949997,114.949997,9174000
2014-12-17,115.099998,115.480003,113.580002,114.269997,114.269997,9097300
2014-12-18,115.589996,115.809998,114.580002,115.150002,115.150002,5258100
2014-12-19,115.059998,115.220001,114.769997,114.769997,114.769997,4652300
2014-12-22,114.809998,114.970001,112.410004,112.550003,112.550003,7483200
2014-12-23,112.879997,113.320000,112.610001,112.739998,112.739998,7763300
2014-12-24,112.830002,112.919998,112.660004,112.769997,112.769997,1501600
2014-12-26,114.820000,114.980003,114.529999,114.830002,114.830002,3765600
2014-12-29,114.610001,114.639999,113.230003,113.669998,113.669998,12963700
2014-12-30,114.989998,116.260002,114.900002,115.199997,115.199997,7987300
2014-12-31,114.889999,115.000000,113.279999,113.580002,113.580002,7624200
2015-01-02,112.489998,114.800003,112.320000,114.080002,114.080002,7109600
2015-01-05,114.779999,116.000000,114.730003,115.800003,115.800003,8168500
2015-01-06,116.220001,117.500000,115.800003,117.120003,117.120003,11232300
2015-01-07,116.470001,116.879997,116.169998,116.430000,116.430000,6434200
2015-01-08,116.449997,116.870003,115.849998,115.940002,115.940002,7033700
2015-01-09,116.510002,117.339996,116.500000,117.260002,117.260002,7952200
2015-01-12,117.459999,118.709999,117.320000,118.559998,118.559998,8318200
2015-01-13,118.959999,119.190002,117.870003,118.160004,118.160004,7691300
2015-01-14,119.080002,119.320000,117.900002,117.970001,117.970001,7727400
2015-01-15,120.410004,121.699997,120.339996,120.940002,120.940002,17692500
2015-01-16,121.730003,123.150002,121.709999,122.519997,122.519997,14428200
2015-01-20,123.629997,124.599998,123.489998,124.199997,124.199997,14957400
2015-01-21,125.180000,125.339996,123.370003,124.230003,124.230003,11082700
2015-01-22,125.070000,125.580002,124.150002,125.230003,125.230003,10518400
2015-01-23,124.430000,124.500000,123.349998,124.230003,124.230003,6266900
2015-01-26,123.330002,123.349998,122.519997,122.989998,122.989998,6768600
2015-01-27,123.559998,124.639999,123.510002,124.400002,124.400002,9584800
2015-01-28,123.519997,123.889999,122.940002,123.419998,123.419998,8470600
2015-01-29,121.989998,122.290001,120.260002,120.760002,120.760002,11998000
2015-01-30,121.300003,123.550003,120.919998,123.449997,123.449997,14555900
2015-02-02,121.839996,123.160004,121.820000,122.419998,122.419998,8885200
2015-02-03,121.739998,121.760002,120.570000,121.050003,121.050003,8246600
2015-02-04,121.629997,122.220001,120.919998,121.580002,121.580002,5386700
2015-02-05,120.980003,121.830002,120.610001,121.790001,121.790001,6879900
2015-02-06,119.150002,119.519997,117.949997,118.639999,118.639999,12949800
2015-02-09,118.830002,119.400002,118.769997,119.169998,119.169998,5237200
2015-02-10,118.629997,119.059998,118.209999,118.470001,118.470001,4085300
2015-02-11,118.489998,118.570000,117.000000,117.070000,117.070000,6784400
2015-02-12,117.680000,117.820000,117.089996,117.339996,117.339996,4344400
2015-02-13,118.050003,118.580002,117.790001,117.980003,117.980003,4108900
2015-02-17,116.400002,116.540001,115.580002,116.010002,116.010002,7225200
2015-02-18,115.989998,116.529999,114.989998,116.339996,116.339996,8320400
2015-02-19,116.400002,116.540001,115.739998,115.940002,115.940002,6528700
2015-02-20,116.099998,116.459999,115.050003,115.279999,115.279999,6681700
2015-02-23,115.110001,116.220001,115.070000,115.430000,115.430000,4812400
2015-02-24,115.000000,115.550003,114.290001,115.260002,115.260002,7598600
2015-02-25,115.830002,115.889999,115.330002,115.699997,115.699997,5032500
2015-02-26,116.540001,116.550003,115.830002,116.070000,116.070000,4025400
2015-02-27,116.739998,117.070000,116.160004,116.160004,116.160004,8255600
2015-03-02,116.500000,116.639999,115.620003,115.680000,115.680000,7993300
2015-03-03,116.040001,116.610001,115.349998,115.470001,115.470001,4738300
2015-03-04,115.699997,115.790001,115.019997,115.110001,115.110001,4756000
2015-03-05,115.430000,116.120003,114.839996,115.000000,115.000000,5872200
2015-03-06,113.169998,113.260002,111.699997,111.860001,111.860001,11190800
2015-03-09,112.419998,112.620003,111.949997,111.970001,111.970001,5534000
2015-03-10,112.089996,112.349998,111.220001,111.419998,111.419998,7003100
2015-03-11,111.230003,111.250000,110.160004,110.750000,110.750000,6550400
2015-03-12,111.150002,111.199997,110.250000,110.720001,110.720001,6631500
2015-03-13,111.099998,111.279999,110.510002,110.879997,110.879997,4557600
2015-03-16,111.089996,111.209999,110.419998,110.809998,110.809998,3265300
2015-03-17,109.919998,111.349998,109.769997,110.209999,110.209999,8914600
2015-03-18,110.330002,112.870003,110.089996,112.370003,112.370003,12628300
2015-03-19,111.849998,112.580002,111.580002,112.290001,112.290001,6537700
2015-03-20,112.709999,114.000000,112.669998,113.570000,113.570000,8033400
2015-03-23,113.699997,114.370003,113.489998,114.290001,114.290001,4234900
2015-03-24,114.349998,114.650002,113.820000,114.570000,114.570000,2979300
2015-03-25,115.110001,115.139999,114.650002,114.730003,114.730003,3021400
2015-03-26,115.730003,115.839996,115.339996,115.480003,115.480003,5495200
2015-03-27,115.139999,115.360001,114.449997,115.059998,115.059998,4921300
2015-03-30,113.900002,114.010002,113.540001,113.750000,113.750000,4383900
2015-03-31,113.839996,114.279999,113.410004,113.660004,113.660004,4383300
2015-04-01,114.559998,115.989998,114.540001,115.599998,115.599998,7275800
2015-04-02,115.470001,115.720001,114.680000,115.279999,115.279999,3884100
2015-04-06,117.320000,117.470001,116.519997,116.690002,116.690002,5914200
2015-04-07,116.269997,116.510002,115.940002,116.110001,116.110001,2468500
2015-04-08,115.980003,116.029999,114.900002,115.470001,115.470001,5568500
2015-04-09,114.800003,114.849998,114.480003,114.669998,114.669998,4706000
2015-04-10,116.000000,116.190002,115.500000,115.970001,115.970001,3932400
2015-04-13,115.349998,115.389999,114.800003,115.139999,115.139999,3190100
2015-04-14,114.690002,115.070000,114.389999,114.440002,114.440002,3649200
2015-04-15,114.800003,115.599998,114.470001,115.430000,115.430000,3656000
2015-04-16,115.550003,115.660004,114.639999,115.029999,115.029999,3132300
2015-04-17,115.379997,115.790001,115.230003,115.599998,115.599998,3496300
2015-04-20,114.820000,114.949997,114.320000,114.720001,114.720001,3902200
2015-04-21,114.720001,115.559998,114.650002,115.379997,115.379997,3317700
2015-04-22,114.830002,114.959999,113.769997,113.830002,113.830002,5696000
2015-04-23,113.900002,114.959999,113.809998,114.660004,114.660004,3459500
2015-04-24,113.959999,114.070000,112.769997,113.050003,113.050003,7152900
2015-04-27,113.870003,115.820000,113.669998,115.330002,115.330002,7487600
2015-04-28,115.360001,116.620003,115.339996,116.330002,116.330002,8054400
2015-04-29,116.059998,116.389999,115.279999,115.510002,115.510002,7170400
2015-04-30,113.879997,113.879997,112.959999,113.470001,113.470001,9440300
2015-05-01,112.419998,113.309998,112.279999,113.080002,113.080002,7597000
2015-05-04,114.180000,114.440002,113.879997,114.099998,114.099998,3648100
2015-05-05,114.889999,115.110001,114.389999,114.419998,114.419998,3856500
2015-05-06,114.589996,114.750000,114.019997,114.360001,114.360001,3280700
2015-05-07,113.839996,114.010002,113.320000,113.419998,113.419998,5455100
2015-05-08,114.339996,114.430000,113.589996,113.970001,113.970001,9963700
2015-05-11,114.089996,114.309998,113.080002,113.529999,113.529999,2916700
2015-05-12,114.099998,114.669998,114.070000,114.500000,114.500000,3256700
2015-05-13,115.739998,116.930000,115.680000,116.550003,116.550003,11768200
2015-05-14,117.279999,117.750000,117.029999,117.180000,117.180000,6923000
2015-05-15,116.800003,117.629997,116.680000,117.529999,117.529999,4447300
2015-05-18,117.779999,117.879997,117.269997,117.519997,117.519997,5079500
2015-05-19,116.550003,116.730003,115.650002,115.889999,115.889999,5052100
2015-05-20,116.029999,116.379997,115.760002,116.080002,116.080002,4432600
2015-05-21,115.529999,116.000000,115.470001,115.690002,115.690002,2514700
2015-05-22,115.510002,115.930000,115.320000,115.599998,115.599998,1779300
2015-05-26,113.839996,114.230003,113.699997,113.910004,113.910004,5769600
2015-05-27,113.779999,114.019997,113.629997,113.889999,113.889999,2681100
2015-05-28,113.849998,114.160004,113.209999,114.019997,114.019997,5266000
2015-05-29,114.139999,114.480003,114.000000,114.099998,114.099998,3406700
2015-06-01,115.019997,115.500000,113.900002,114.000000,114.000000,8254000
2015-06-02,114.360001,114.650002,114.169998,114.459999,114.459999,3985700
2015-06-03,114.129997,114.370003,113.080002,113.639999,113.639999,4886100
2015-06-04,112.980003,113.150002,112.480003,112.839996,112.839996,5566600
2015-06-05,111.599998,112.389999,111.570000,112.239998,112.239998,5561300
2015-06-08,112.389999,112.660004,112.129997,112.570000,112.570000,3080600
2015-06-09,113.150002,113.230003,112.709999,112.820000,112.820000,3529900
2015-06-10,114.139999,114.139999,113.690002,113.779999,113.779999,5452900
2015-06-11,113.269997,113.410004,112.919998,113.260002,113.260002,4434700
2015-06-12,113.059998,113.500000,112.959999,113.230003,113.230003,2998500
2015-06-15,113.279999,114.150002,113.209999,113.730003,113.730003,5054000
2015-06-16,113.080002,113.449997,112.790001,113.320000,113.320000,4032500
2015-06-17,113.070000,114.040001,112.629997,113.849998,113.849998,6456000
2015-06-18,115.190002,115.610001,114.889999,115.320000,115.320000,8041300
2015-06-19,115.339996,115.459999,114.949997,115.120003,115.120003,4611600
2015-06-22,113.790001,113.940002,113.339996,113.639999,113.639999,5763700
2015-06-23,112.959999,113.169998,112.790001,112.889999,112.889999,4522800
2015-06-24,112.480003,112.739998,112.309998,112.589996,112.589996,2974700
2015-06-25,112.430000,112.709999,112.320000,112.440002,112.440002,2904700
2015-06-26,112.199997,112.680000,112.129997,112.559998,112.559998,4392600
2015-06-29,112.809998,113.230003,112.529999,113.070000,113.070000,5820200
2015-06-30,112.239998,113.050003,111.839996,112.370003,112.370003,7897000
2015-07-01,112.120003,112.510002,111.940002,111.980003,111.980003,4409000
2015-07-02,111.660004,111.839996,111.410004,111.760002,111.760002,3838600
2015-07-06,111.709999,112.580002,111.629997,112.059998,112.059998,4259800
2015-07-07,111.080002,111.139999,110.050003,110.760002,110.760002,9073400
2015-07-08,111.379997,111.650002,111.080002,111.089996,111.089996,5694900
2015-07-09,111.800003,111.930000,111.150002,111.360001,111.360001,3802900
2015-07-10,111.180000,111.709999,111.029999,111.489998,111.489998,3594900
2015-07-13,110.430000,111.139999,110.360001,110.989998,110.989998,4279300
2015-07-14,111.000000,111.080002,110.629997,110.739998,110.739998,2601000
2015-07-15,110.000000,110.190002,109.580002,110.160004,110.160004,9286200
2015-07-16,109.669998,110.010002,109.599998,109.760002,109.760002,4629700
2015-07-17,109.110001,109.160004,108.400002,108.650002,108.650002,14858300
2015-07-20,106.599998,106.650002,105.620003,105.699997,105.699997,15751700
2015-07-21,105.809998,106.320000,105.250000,105.370003,105.370003,10519800
2015-07-22,104.389999,105.089996,104.180000,104.800003,104.800003,8349200
2015-07-23,104.980003,105.300003,104.199997,104.330002,104.330002,5779300
2015-07-24,103.610001,105.589996,103.430000,105.349998,105.349998,11572700
2015-07-27,104.940002,105.680000,104.660004,104.860001,104.860001,10690100
2015-07-28,105.089996,105.330002,104.830002,105.019997,105.019997,5549200
2015-07-29,104.930000,105.629997,104.489998,105.169998,105.169998,5616900
2015-07-30,104.029999,104.970001,103.860001,104.269997,104.269997,6652000
2015-07-31,105.410004,105.750000,104.690002,104.930000,104.930000,6689200
2015-08-03,104.589996,104.820000,104.050003,104.099998,104.099998,3528600
2015-08-04,104.559998,104.750000,103.949997,104.309998,104.309998,3241000
2015-08-05,104.419998,104.500000,103.779999,103.930000,103.930000,5041000
2015-08-06,104.150002,104.860001,104.139999,104.389999,104.389999,3908100
2015-08-07,104.559998,105.379997,104.550003,104.650002,104.650002,4400900
2015-08-10,105.029999,106.269997,104.919998,105.720001,105.720001,5892600
2015-08-11,106.489998,106.629997,105.769997,106.260002,106.260002,4007300
2015-08-12,106.989998,107.910004,106.930000,107.750000,107.750000,10022500
2015-08-13,106.949997,107.180000,106.709999,106.860001,106.860001,4761700
2015-08-14,107.070000,107.410004,106.540001,106.849998,106.849998,3497600
2015-08-17,107.370003,107.510002,107.000000,107.129997,107.129997,5769100
2015-08-18,106.669998,107.330002,106.309998,107.110001,107.110001,4121800
2015-08-19,107.629997,108.669998,107.629997,108.550003,108.550003,7035100
2015-08-20,109.809998,110.610001,109.699997,110.440002,110.440002,12549000
2015-08-21,110.930000,111.330002,110.120003,111.129997,111.129997,13917600
2015-08-24,111.540001,112.120003,109.769997,110.529999,110.529999,18388700
2015-08-25,110.010002,110.050003,108.720001,109.160004,109.160004,9974200
2015-08-26,107.720001,108.059998,107.080002,107.669998,107.669998,10856600
2015-08-27,107.330002,108.040001,107.110001,107.730003,107.730003,8102100
2015-08-28,108.169998,109.300003,108.120003,108.699997,108.699997,7558900
2015-08-31,108.190002,108.919998,108.029999,108.820000,108.820000,4253600
2015-09-01,109.629997,109.769997,108.940002,109.199997,109.199997,7077800
2015-09-02,109.010002,109.339996,108.459999,108.620003,108.620003,4115700
2015-09-03,107.769997,108.320000,107.559998,107.839996,107.839996,3913100
2015-09-04,107.139999,107.559998,107.070000,107.489998,107.489998,4025000
2015-09-08,107.599998,107.940002,107.309998,107.519997,107.519997,5982100
2015-09-09,106.639999,106.709999,105.480003,106.129997,106.129997,8800600
2015-09-10,106.610001,106.699997,106.180000,106.379997,106.379997,6204000
2015-09-11,105.650002,106.199997,105.269997,106.160004,106.160004,4023900
2015-09-14,105.860001,106.389999,105.779999,106.220001,106.220001,2350800
2015-09-15,105.830002,106.059998,105.680000,105.900002,105.900002,2896400
2015-09-16,106.599998,107.709999,106.559998,107.309998,107.309998,5315600
2015-09-17,107.070000,108.580002,106.959999,108.410004,108.410004,8403800
2015-09-18,109.099998,109.379997,108.820000,109.209999,109.209999,6759400
2015-09-21,108.489998,108.660004,108.330002,108.529999,108.529999,4104800
2015-09-22,107.580002,107.959999,107.440002,107.790001,107.790001,5483300
2015-09-23,108.540001,108.639999,108.199997,108.220001,108.220001,2744200
2015-09-24,109.669998,110.820000,109.629997,110.489998,110.489998,11024300
2015-09-25,109.870003,110.029999,109.550003,109.809998,109.809998,5209500
2015-09-28,108.370003,108.910004,108.269997,108.419998,108.419998,3809600
2015-09-29,108.239998,108.690002,107.879997,107.980003,107.980003,4043600
2015-09-30,106.779999,107.080002,106.470001,106.860001,106.860001,7247800
2015-10-01,106.980003,107.209999,106.629997,106.730003,106.730003,4278600
2015-10-02,108.540001,109.320000,108.540001,108.989998,108.989998,7730600
2015-10-05,109.139999,109.379997,108.459999,108.769997,108.769997,5490200
2015-10-06,109.800003,110.260002,109.629997,109.860001,109.860001,7513900
2015-10-07,109.750000,110.139999,109.339996,109.699997,109.699997,5355500
2015-10-08,109.160004,110.269997,109.059998,109.139999,109.139999,5038200
2015-10-09,110.540001,111.050003,110.230003,110.870003,110.870003,7907300
2015-10-12,111.669998,111.730003,111.010002,111.309998,111.309998,6257900
2015-10-13,111.360001,111.870003,111.279999,111.860001,111.860001,5149600
2015-10-14,112.629997,113.949997,112.300003,113.809998,113.809998,10207800
2015-10-15,113.199997,113.989998,112.940002,113.290001,113.290001,14083900
2015-10-16,113.239998,113.440002,112.430000,112.489998,112.489998,7328000
2015-10-19,112.639999,112.690002,111.889999,112.019997,112.019997,3959400
2015-10-20,112.379997,113.089996,112.379997,112.730003,112.730003,4903200
2015-10-21,112.370003,112.370003,111.410004,111.730003,111.730003,3908800
2015-10-22,111.519997,112.209999,111.430000,111.690002,111.690002,3436400
2015-10-23,111.809998,111.839996,110.959999,111.500000,111.500000,4868400
2015-10-26,111.730003,111.980003,111.330002,111.430000,111.430000,2573500
2015-10-27,111.309998,111.809998,111.290001,111.680000,111.680000,2646100
2015-10-28,112.680000,113.250000,110.309998,110.750000,110.750000,8201200
2015-10-29,110.230003,110.599998,109.660004,109.720001,109.720001,5147100
2015-10-30,109.500000,109.580002,109.059998,109.300003,109.300003,5543200
2015-11-02,108.639999,108.839996,108.459999,108.589996,108.589996,5843300
2015-11-03,107.790001,107.809998,106.680000,106.980003,106.980003,7145300
2015-11-04,107.019997,107.089996,105.919998,105.970001,105.970001,7366400
2015-11-05,106.010002,106.099998,105.580002,105.639999,105.639999,5931100
2015-11-06,104.169998,104.419998,104.019997,104.099998,104.099998,8831900
2015-11-09,104.290001,104.580002,104.190002,104.400002,104.400002,4129200
2015-11-10,104.089996,104.650002,103.870003,104.180000,104.180000,4450800
2015-11-11,104.089996,104.230003,103.779999,103.830002,103.830002,3527600
2015-11-12,103.089996,104.320000,103.040001,103.849998,103.849998,6300500
2015-11-13,103.540001,103.739998,103.449997,103.559998,103.559998,3224200
2015-11-16,103.980003,104.029999,103.519997,103.709999,103.709999,2951200
2015-11-17,103.379997,103.400002,101.980003,102.339996,102.339996,8593100
2015-11-18,102.389999,102.949997,102.040001,102.430000,102.430000,5043800
2015-11-19,103.070000,104.089996,103.070000,103.559998,103.559998,5087600
2015-11-20,103.580002,103.660004,102.970001,103.089996,103.089996,5971600
2015-11-23,102.480003,102.750000,102.160004,102.260002,102.260002,4042500
2015-11-24,103.120003,103.250000,102.690002,102.940002,102.940002,3479600
2015-11-25,102.470001,102.690002,102.209999,102.459999,102.459999,2931300
2015-11-27,101.010002,101.620003,100.989998,101.250000,101.250000,4993600
2015-11-30,101.529999,102.379997,101.519997,101.919998,101.919998,6773000
2015-12-01,102.300003,102.430000,101.809998,102.279999,102.279999,4645900
2015-12-02,101.349998,101.349998,100.529999,100.690002,100.690002,10223500
2015-12-03,101.230003,101.970001,100.849998,101.760002,101.760002,6499900
2015-12-04,102.739998,104.209999,102.650002,104.019997,104.019997,10670200
2015-12-07,103.320000,103.370003,102.500000,102.669998,102.669998,4393500
2015-12-08,103.129997,103.260002,102.529999,102.839996,102.839996,3412300
2015-12-09,103.629997,103.660004,102.320000,102.639999,102.639999,6026300
2015-12-10,102.510002,102.830002,102.339996,102.550003,102.550003,3699300
2015-12-11,101.910004,103.320000,101.849998,103.110001,103.110001,6798400
2015-12-14,102.580002,102.720001,101.739998,101.790001,101.790001,5527200
2015-12-15,101.709999,102.059998,101.410004,101.519997,101.519997,6831100
2015-12-16,102.589996,103.199997,101.660004,102.750000,102.750000,8292200
2015-12-17,100.919998,100.989998,100.230003,100.500000,100.500000,10156200
2015-12-18,101.349998,102.529999,101.300003,102.040001,102.040001,8345900
2015-12-21,102.949997,103.519997,102.830002,103.150002,103.150002,6378900
2015-12-22,103.089996,103.199997,102.559998,102.610001,102.610001,4061400
2015-12-23,102.400002,102.589996,102.209999,102.309998,102.309998,2821400
2015-12-24,102.820000,103.050003,102.769997,103.050003,103.050003,1710200
2015-12-28,102.480003,102.599998,102.029999,102.269997,102.269997,3353600
2015-12-29,102.519997,102.580002,102.110001,102.199997,102.199997,2832200
2015-12-30,101.470001,101.599998,101.349998,101.419998,101.419998,3745000
2015-12-31,101.480003,101.720001,101.309998,101.459999,101.459999,3823600
2016-01-04,103.129997,103.669998,102.489998,102.889999,102.889999,6440000
2016-01-05,103.129997,103.459999,102.930000,103.180000,103.180000,3500300
2016-01-06,104.370003,104.800003,103.930000,104.669998,104.669998,9316600
2016-01-07,105.830002,106.239998,105.190002,106.150002,106.150002,11730400
2016-01-08,105.480003,105.800003,105.040001,105.680000,105.680000,7678200
2016-01-11,105.470001,105.570000,104.709999,104.739998,104.739998,5905500
2016-01-12,104.089996,104.589996,103.650002,104.209999,104.209999,5540200
2016-01-13,103.889999,104.820000,103.779999,104.720001,104.720001,7324200
2016-01-14,103.750000,104.180000,102.500000,103.019997,103.019997,9989100
2016-01-15,104.919998,104.959999,103.970001,104.080002,104.080002,10052700
2016-01-19,104.059998,104.449997,103.650002,103.980003,103.980003,4588400
2016-01-20,105.169998,106.160004,104.940002,105.370003,105.370003,10120900
2016-01-21,104.989998,105.489998,104.519997,105.489998,105.489998,5425000
2016-01-22,104.930000,105.510002,104.760002,105.000000,105.000000,4185300
2016-01-25,105.760002,106.089996,105.599998,106.080002,106.080002,6819400
2016-01-26,106.320000,107.430000,106.260002,107.290001,107.290001,8431600
2016-01-27,106.860001,107.930000,106.650002,107.690002,107.690002,8273400
2016-01-28,106.550003,106.860001,106.480003,106.540001,106.540001,5914200
2016-01-29,106.610001,107.000000,106.260002,106.949997,106.949997,8098700
2016-02-01,107.540001,108.150002,107.529999,108.050003,108.050003,10471800
2016-02-02,107.919998,108.180000,107.349998,108.089996,108.089996,6656000
2016-02-03,107.910004,109.580002,107.900002,109.250000,109.250000,15785200
2016-02-04,110.449997,110.699997,109.919998,110.570000,110.570000,13192300
2016-02-05,109.790001,112.349998,109.580002,112.320000,112.320000,14777300
2016-02-08,113.669998,114.870003,113.389999,113.830002,113.830002,28341200
2016-02-09,114.430000,114.690002,113.550003,113.580002,113.580002,17065400
2016-02-10,113.919998,114.519997,112.980003,114.459999,114.459999,13311100
2016-02-11,118.589996,120.839996,117.769997,119.059998,119.059998,49139000
2016-02-12,118.120003,118.739998,117.879997,118.360001,118.360001,16981200
2016-02-16,116.000000,116.309998,114.739998,114.769997,114.769997,14601700
2016-02-17,115.470001,116.070000,114.889999,115.480003,115.480003,10582400
2016-02-18,115.300003,118.599998,115.290001,118.290001,118.290001,13586500
2016-02-19,117.260002,117.970001,117.099998,117.580002,117.580002,15192000
2016-02-22,115.440002,116.190002,115.410004,115.489998,115.489998,10677800
2016-02-23,116.680000,117.419998,116.519997,117.220001,117.220001,9033400
2016-02-24,119.000000,119.860001,117.349998,117.610001,117.610001,17938800
2016-02-25,117.620003,118.910004,117.540001,117.919998,117.919998,12461600
2016-02-26,117.430000,117.720001,115.860001,117.110001,117.110001,12505100
2016-02-29,117.589996,118.699997,117.529999,118.639999,118.639999,11517500
2016-03-01,118.739998,119.110001,117.339996,117.769997,117.769997,14139300
2016-03-02,118.339996,118.970001,118.070000,118.680000,118.680000,8903000
2016-03-03,118.860001,121.300003,118.809998,120.730003,120.730003,18634800
2016-03-04,121.129997,122.370003,120.220001,120.540001,120.540001,16261100
2016-03-07,121.180000,121.580002,120.410004,121.139999,121.139999,9358600
2016-03-08,121.790001,121.879997,120.470001,120.580002,120.580002,11531000
2016-03-09,119.199997,120.389999,118.839996,119.580002,119.580002,8672900
2016-03-10,120.500000,121.760002,120.419998,121.500000,121.500000,18090200
2016-03-11,121.190002,121.389999,119.360001,119.410004,119.410004,10812300
2016-03-14,120.269997,120.309998,117.500000,117.870003,117.870003,14236200
2016-03-15,117.779999,118.040001,117.360001,117.959999,117.959999,9941800
2016-03-16,117.419998,120.760002,117.339996,120.589996,120.589996,17334000
2016-03-17,121.160004,121.180000,120.029999,120.129997,120.129997,9914300
2016-03-18,119.589996,120.339996,119.510002,119.800003,119.800003,16965900
2016-03-21,119.000000,119.330002,118.730003,118.959999,118.959999,7240600
2016-03-22,119.730003,120.160004,118.959999,119.309998,119.309998,6786800
2016-03-23,116.739998,117.120003,116.160004,116.610001,116.610001,15993700
2016-03-24,116.769997,116.940002,116.300003,116.330002,116.330002,6280900
2016-03-28,116.730003,116.910004,116.269997,116.599998,116.599998,3879100
2016-03-29,117.360001,118.809998,116.800003,118.760002,118.760002,14087300
2016-03-30,117.879997,118.199997,116.910004,117.099998,117.099998,10769100
2016-03-31,118.160004,118.389999,117.599998,117.639999,117.639999,9348200
2016-04-01,116.080002,116.980003,115.550003,116.930000,116.930000,10405400
2016-04-04,116.669998,116.730003,116.070000,116.150002,116.150002,7643700
2016-04-05,117.760002,117.930000,117.150002,117.660004,117.660004,8865900
2016-04-06,116.699997,117.389999,116.260002,116.940002,116.940002,7415500
2016-04-07,118.650002,118.849998,115.000000,118.610001,118.610001,11900500
2016-04-08,118.070000,118.769997,117.980003,118.430000,118.430000,9078900
2016-04-11,119.470001,120.300003,119.419998,120.029999,120.029999,9846000
2016-04-12,120.230003,120.349998,119.550003,120.050003,120.050003,9607900
2016-04-13,119.370003,119.430000,118.559998,118.769997,118.769997,8841500
2016-04-14,118.089996,118.190002,116.949997,117.110001,117.110001,13125400
2016-04-15,117.330002,118.120003,117.190002,117.919998,117.919998,7838100
2016-04-18,118.529999,118.559998,117.629997,117.739998,117.739998,5798400
2016-04-19,119.870003,120.089996,119.370003,119.580002,119.580002,21031500
2016-04-20,119.669998,120.080002,118.720001,118.970001,118.970001,10233200
2016-04-21,120.419998,120.550003,119.129997,119.419998,119.419998,14612800
2016-04-22,118.709999,119.019997,117.279999,117.889999,117.889999,10047000
2016-04-25,118.139999,118.709999,118.110001,118.230003,118.230003,4369400
2016-04-26,118.790001,118.889999,118.449997,118.699997,118.699997,9906800
2016-04-27,118.970001,119.699997,118.430000,119.040001,119.040001,7976400
2016-04-28,119.919998,121.419998,119.730003,121.290001,121.290001,15133600
2016-04-29,122.430000,123.930000,122.339996,123.650002,123.650002,19043900
2016-05-02,123.779999,123.959999,123.050003,123.239998,123.239998,12137500
2016-05-03,123.730003,123.820000,122.510002,122.959999,122.959999,9063600
2016-05-04,122.849998,123.230003,121.510002,122.209999,122.209999,9327400
2016-05-05,122.629997,122.730003,121.250000,122.070000,122.070000,8846900
2016-05-06,122.830002,123.809998,122.589996,123.180000,123.180000,11366800
2016-05-09,121.199997,121.290001,120.589996,120.650002,120.650002,9236200
2016-05-10,120.739998,121.379997,120.080002,120.980003,120.980003,9128500
2016-05-11,121.849998,122.160004,121.379997,122.120003,122.120003,7590100
2016-05-12,122.019997,122.389999,121.000000,121.160004,121.160004,7447100
2016-05-13,121.089996,121.860001,120.660004,121.709999,121.709999,7672800
2016-05-16,122.930000,122.970001,121.379997,121.800003,121.800003,7103000
2016-05-17,121.580002,122.519997,121.480003,122.220001,122.220001,8619800
2016-05-18,121.220001,121.919998,119.879997,120.099998,120.099998,13381700
2016-05-19,119.000000,119.980003,118.919998,119.870003,119.870003,14339700
2016-05-20,120.190002,120.320000,119.309998,119.709999,119.709999,10379400
2016-05-23,118.860001,119.599998,118.750000,119.370003,119.370003,8600100
2016-05-24,118.169998,118.230003,117.250000,117.300003,117.300003,12772000
2016-05-25,116.589996,117.059998,116.320000,116.980003,116.980003,10487300
2016-05-26,117.570000,117.629997,116.389999,116.580002,116.580002,5852100
2016-05-27,116.269997,116.360001,115.290001,115.620003,115.620003,8686700
2016-05-31,115.760002,116.400002,115.500000,116.059998,116.059998,8187600
2016-06-01,115.970001,116.139999,115.199997,115.940002,115.940002,8399600
2016-06-02,115.779999,115.970001,115.580002,115.669998,115.669998,4514900
2016-06-03,118.250000,118.889999,118.230003,118.879997,118.879997,14605100
2016-06-06,118.889999,119.169998,118.459999,118.919998,118.919998,9887900
2016-06-07,118.500000,119.019997,118.410004,118.820000,118.820000,4602900
2016-06-08,120.300003,120.779999,120.230003,120.580002,120.580002,11661700
2016-06-09,120.610001,121.480003,120.550003,121.250000,121.250000,12174000
2016-06-10,121.550003,122.099998,121.180000,121.739998,121.739998,13940000
2016-06-13,122.800003,122.830002,122.029999,122.639999,122.639999,12594200
2016-06-14,123.000000,123.059998,122.300003,122.769997,122.769997,11651700
2016-06-15,122.519997,123.870003,122.379997,123.680000,123.680000,15053000
2016-06-16,125.169998,125.669998,122.230003,122.379997,122.379997,26635000
2016-06-17,123.260002,124.099998,122.690002,123.949997,123.949997,15573800
2016-06-20,122.260002,123.330002,122.129997,123.209999,123.209999,11866200
2016-06-21,121.650002,121.860001,120.769997,120.839996,120.839996,14585600
2016-06-22,120.830002,121.250000,120.680000,120.900002,120.900002,7861000
2016-06-23,120.489998,121.029999,120.059998,120.110001,120.110001,10704900
2016-06-24,126.620003,126.820000,125.000000,126.000000,126.000000,35782900
2016-06-27,126.440002,127.050003,125.830002,126.680000,126.680000,21228800
2016-06-28,125.559998,126.019997,125.059998,125.320000,125.320000,16001500
2016-06-29,125.910004,126.809998,125.699997,125.839996,125.839996,12218400
2016-06-30,125.949997,126.519997,125.500000,126.470001,126.470001,15981600
2016-07-01,127.660004,128.419998,127.440002,128.410004,128.410004,14940700
2016-07-05,128.800003,129.589996,128.169998,129.470001,129.470001,19026200
2016-07-06,130.500000,131.149994,129.820007,130.229996,130.229996,17376700
2016-07-07,129.820007,130.119995,128.979996,129.740005,129.740005,16469500
2016-07-08,129.850006,130.520004,128.970001,130.520004,130.520004,17634200
2016-07-11,129.490005,129.899994,129.160004,129.289993,129.289993,10855600
2016-07-12,128.520004,128.539993,126.989998,127.150002,127.150002,26459600
2016-07-13,128.000000,128.429993,127.610001,128.320007,128.320007,7377700
2016-07-14,126.309998,127.370003,126.029999,127.330002,127.330002,12132400
2016-07-15,126.379997,127.190002,126.330002,126.839996,126.839996,13892100
2016-07-18,127.019997,127.500000,126.629997,127.040001,127.040001,8489700
2016-07-19,126.949997,127.349998,126.820000,127.209999,127.209999,5170700
2016-07-20,125.500000,126.120003,125.309998,125.389999,125.389999,11777700
2016-07-21,125.660004,127.370003,125.599998,127.300003,127.300003,9399200
2016-07-22,126.430000,126.519997,126.010002,126.349998,126.349998,7716000
2016-07-25,125.529999,126.209999,125.110001,125.470001,125.470001,13139400
2016-07-26,126.089996,126.139999,125.750000,126.000000,126.000000,7613200
2016-07-27,126.790001,128.119995,126.040001,128.029999,128.029999,16818400
2016-07-28,128.089996,128.199997,127.209999,127.660004,127.660004,9261800
2016-07-29,128.419998,129.410004,127.879997,128.979996,128.979996,13708200
2016-08-01,128.570007,129.339996,128.559998,129.220001,129.220001,7109900
2016-08-02,130.039993,130.550003,129.940002,130.270004,130.270004,7652800
2016-08-03,129.949997,129.960007,129.270004,129.649994,129.649994,5010700
2016-08-04,130.009995,130.279999,129.820007,129.869995,129.869995,4788700
2016-08-05,128.460007,128.550003,127.389999,127.550003,127.550003,16205100
2016-08-08,127.290001,127.699997,127.269997,127.440002,127.440002,6773800
2016-08-09,127.940002,128.139999,127.750000,127.959999,127.959999,7500400
2016-08-10,129.119995,129.199997,128.149994,128.559998,128.559998,6196200
2016-08-11,128.610001,129.190002,127.480003,127.669998,127.669998,9669900
2016-08-12,127.669998,129.259995,127.199997,127.400002,127.400002,15395800
2016-08-15,127.620003,128.250000,127.599998,127.839996,127.839996,4530800
2016-08-16,128.119995,129.039993,128.000000,128.470001,128.470001,8678100
2016-08-17,128.169998,128.990005,127.459999,128.500000,128.500000,12034800
2016-08-18,128.889999,129.169998,128.580002,129.110001,129.110001,9500600
2016-08-19,128.080002,128.669998,127.860001,127.970001,127.970001,10660100
2016-08-22,127.629997,127.919998,127.449997,127.779999,127.779999,8627200
2016-08-23,128.139999,128.220001,127.610001,127.760002,127.760002,9038500
2016-08-24,126.919998,126.970001,126.300003,126.339996,126.339996,13539700
2016-08-25,125.980003,126.309998,125.959999,126.230003,126.230003,5926300
2016-08-26,126.879997,128.110001,125.820000,126.050003,126.050003,17967700
2016-08-29,126.000000,126.480003,125.930000,126.300003,126.300003,5234800
2016-08-30,125.730003,125.949997,124.879997,125.029999,125.029999,9877000
2016-08-31,124.730003,125.110001,124.639999,124.779999,124.779999,13324100
2016-09-01,124.669998,125.510002,124.550003,125.290001,125.290001,12877700
2016-09-02,126.290001,126.570000,125.580002,126.570000,126.570000,11318600
2016-09-06,127.400002,129.080002,127.269997,128.710007,128.710007,15115300
2016-09-07,128.789993,128.860001,128.119995,128.270004,128.270004,8859800
2016-09-08,128.160004,128.520004,127.400002,127.589996,127.589996,10306500
2016-09-09,127.239998,127.510002,126.699997,126.750000,126.750000,12485600
2016-09-12,126.309998,126.919998,125.970001,126.589996,126.589996,11140300
2016-09-13,126.470001,126.599998,125.529999,125.750000,125.750000,8866400
2016-09-14,126.099998,126.540001,126.029999,126.180000,126.180000,5820700
2016-09-15,125.730003,126.099998,124.910004,125.370003,125.370003,12790400
2016-09-16,124.809998,125.250000,124.669998,125.059998,125.059998,18995100
2016-09-19,125.610001,125.620003,125.250000,125.320000,125.320000,4945500
2016-09-20,125.309998,125.589996,125.169998,125.440002,125.440002,5672000
2016-09-21,126.330002,127.419998,125.959999,127.269997,127.269997,13646400
2016-09-22,127.570000,128.199997,127.500000,127.570000,127.570000,15188000
2016-09-23,127.599998,127.860001,127.430000,127.650002,127.650002,7702300
2016-09-26,127.959999,128.039993,127.419998,127.550003,127.550003,5842700
2016-09-27,126.860001,126.900002,126.339996,126.620003,126.620003,6220700
2016-09-28,126.250000,126.400002,125.730003,126.220001,126.220001,6757700
2016-09-29,125.839996,126.339996,125.540001,126.070000,126.070000,7448400
2016-09-30,126.519997,126.550003,125.239998,125.639999,125.639999,11204300
2016-10-03,125.320000,125.459999,124.900002,125.320000,125.320000,9044100
2016-10-04,123.160004,123.180000,120.860001,120.970001,120.970001,24372700
2016-10-05,121.330002,121.589996,120.400002,120.779999,120.779999,14718100
2016-10-06,119.690002,119.980003,119.239998,119.660004,119.660004,17917700
2016-10-07,120.489998,120.580002,118.419998,119.739998,119.739998,17907300
2016-10-10,119.739998,120.419998,119.739998,120.160004,120.160004,4402600
2016-10-11,119.919998,120.160004,119.529999,119.550003,119.550003,6065300
2016-10-12,119.720001,120.070000,119.290001,119.739998,119.739998,4848600
2016-10-13,120.000000,120.419998,119.800003,120.029999,120.029999,7184600
2016-10-14,119.370003,120.160004,119.290001,119.360001,119.360001,6577300
2016-10-17,119.699997,119.919998,119.580002,119.680000,119.680000,4777900
2016-10-18,120.080002,120.639999,119.820000,120.419998,120.419998,4612500
2016-10-19,121.129997,121.459999,120.889999,121.110001,121.110001,6019800
2016-10-20,121.389999,121.589996,120.629997,120.739998,120.739998,6496700
2016-10-21,120.900002,120.930000,120.550003,120.830002,120.830002,6707800
2016-10-24,121.279999,121.300003,120.160004,120.559998,120.559998,5481100
2016-10-25,120.889999,121.760002,120.860001,121.470001,121.470001,6141100
2016-10-26,121.370003,121.529999,120.610001,120.790001,120.790001,3905900
2016-10-27,121.110001,121.180000,120.750000,121.010002,121.010002,4336000
2016-10-28,121.199997,122.480003,120.809998,121.580002,121.580002,11639900
2016-10-31,121.510002,122.000000,121.230003,121.940002,121.940002,7722100
2016-11-01,122.800003,123.209999,122.570000,122.730003,122.730003,13384300
2016-11-02,123.760002,124.760002,123.559998,123.639999,123.639999,15692400
2016-11-03,123.360001,124.330002,123.349998,124.300003,124.300003,10093100
2016-11-04,124.400002,124.540001,124.040001,124.389999,124.389999,8594600
2016-11-07,122.660004,122.709999,121.879997,122.150002,122.150002,10015000
2016-11-08,122.120003,123.089996,121.360001,121.639999,121.639999,9173700
2016-11-09,124.300003,124.349998,121.110001,121.559998,121.559998,18236500
2016-11-10,121.519997,121.540001,119.379997,119.750000,119.750000,22268000
2016-11-11,119.650002,119.690002,116.230003,117.099998,117.099998,20381800
2016-11-14,116.120003,117.139999,115.489998,116.110001,116.110001,20431800
2016-11-15,116.459999,117.239998,116.290001,117.120003,117.120003,9348600
2016-11-16,117.269997,117.269997,116.580002,116.769997,116.769997,5269900
2016-11-17,116.910004,117.220001,115.440002,116.169998,116.169998,10342300
2016-11-18,115.519997,115.769997,114.959999,115.150002,115.150002,10444300
2016-11-21,115.720001,115.940002,115.290001,115.580002,115.580002,6654200
2016-11-22,115.720001,115.790001,114.980003,115.540001,115.540001,6391900
2016-11-23,113.870003,113.879997,112.650002,113.250000,113.250000,20864900
2016-11-25,113.419998,113.510002,112.349998,112.610001,112.610001,5345900
2016-11-28,113.230003,113.839996,112.769997,113.800003,113.800003,5655400
2016-11-29,112.760002,113.480003,112.690002,113.269997,113.269997,7438600
2016-11-30,112.690002,112.790001,111.500000,111.750000,111.750000,10925500
2016-12-01,111.110001,111.989998,110.629997,111.540001,111.540001,10237000
2016-12-02,111.889999,112.320000,111.779999,112.139999,112.139999,7416500
2016-12-05,111.150002,112.110001,110.309998,111.540001,111.540001,10187900
2016-12-06,111.690002,112.029999,111.190002,111.430000,111.430000,5533700
2016-12-07,112.129997,112.500000,111.769997,111.830002,111.830002,4901800
2016-12-08,111.720001,111.870003,111.459999,111.570000,111.570000,5977800
2016-12-09,111.180000,111.250000,110.190002,110.400002,110.400002,10507700
2016-12-12,110.589996,111.110001,110.269997,110.820000,110.820000,6156700
2016-12-13,110.570000,110.790001,110.059998,110.449997,110.449997,7961600
2016-12-14,110.949997,110.980003,108.519997,108.830002,108.830002,12933600
2016-12-15,107.849998,107.989998,107.000000,107.339996,107.339996,14427500
2016-12-16,107.949997,108.779999,107.480003,108.050003,108.050003,9817300
2016-12-19,108.599998,108.879997,108.339996,108.589996,108.589996,5339100
2016-12-20,107.470001,108.000000,107.290001,107.790001,107.790001,7321100
2016-12-21,108.250000,108.309998,107.680000,107.849998,107.849998,5188700
2016-12-22,107.680000,108.099998,107.489998,107.589996,107.589996,4942800
2016-12-23,107.839996,108.250000,107.800003,107.930000,107.930000,5008300
2016-12-27,108.610001,108.669998,108.239998,108.559998,108.559998,3685500
2016-12-28,108.400002,108.910004,108.290001,108.860001,108.860001,5091200
2016-12-29,109.230003,110.529999,109.160004,110.290001,110.290001,7513500
2016-12-30,110.379997,110.620003,109.529999,109.610001,109.610001,8873700
2017-01-03,109.620003,111.000000,109.370003,110.470001,110.470001,7527400
2017-01-04,111.059998,111.220001,110.610001,110.860001,110.860001,4904100
2017-01-05,112.160004,112.940002,112.070000,112.580002,112.580002,9606800
2017-01-06,111.809998,112.379997,111.570000,111.750000,111.750000,7686100
2017-01-09,112.389999,113.040001,112.180000,112.669998,112.669998,5353200
2017-01-10,112.940002,113.449997,112.639999,113.150002,113.150002,6093400
2017-01-11,112.870003,114.190002,112.169998,113.500000,113.500000,9918700
2017-01-12,114.519997,114.930000,113.809998,113.910004,113.910004,8457300
2017-01-13,113.650002,114.309998,113.190002,114.209999,114.209999,7261500
2017-01-17,115.889999,115.959999,115.500000,115.849998,115.849998,9108900
2017-01-18,115.739998,115.919998,114.559998,114.870003,114.870003,6498100
2017-01-19,114.320000,114.959999,113.940002,114.769997,114.769997,6437000
2017-01-20,114.650002,115.760002,114.320000,115.050003,115.050003,12261500
2017-01-23,115.510002,116.169998,115.199997,115.790001,115.790001,6373100
2017-01-24,115.690002,116.019997,114.940002,115.269997,115.269997,5798800
2017-01-25,114.139999,114.440002,113.680000,114.320000,114.320000,6697500
2017-01-26,113.239998,113.510002,112.830002,113.260002,113.260002,5390500
2017-01-27,112.930000,113.550003,112.809998,113.489998,113.489998,6706600
2017-01-30,113.610001,114.300003,113.540001,113.970001,113.970001,7687800
2017-01-31,115.269997,115.820000,115.180000,115.550003,115.550003,10421900
2017-02-01,114.660004,115.449997,114.139999,115.199997,115.199997,6932900
2017-02-02,116.260002,116.570000,115.629997,115.839996,115.839996,7189500
2017-02-03,115.730003,116.370003,115.709999,116.129997,116.129997,9455500
2017-02-06,117.070000,117.739998,116.739998,117.699997,117.699997,8547800
2017-02-07,117.309998,117.739998,117.199997,117.459999,117.459999,8621000
2017-02-08,118.089996,118.589996,117.809998,118.190002,118.190002,9633400
2017-02-09,118.190002,118.580002,117.199997,117.290001,117.290001,8177200
2017-02-10,116.680000,117.860001,116.669998,117.599998,117.599998,9072100
2017-02-13,116.730003,116.949997,116.150002,116.800003,116.800003,7354900
2017-02-14,117.510002,117.559998,116.379997,116.930000,116.930000,6920800
2017-02-15,116.330002,117.480003,116.250000,117.449997,117.449997,7088400
2017-02-16,117.930000,118.349998,117.830002,118.080002,118.080002,6378700
2017-02-17,118.190002,118.400002,117.620003,117.680000,117.680000,7338100
2017-02-21,117.040001,118.000000,116.769997,117.750000,117.750000,6166900
2017-02-22,117.860001,118.019997,117.239998,117.910004,117.910004,6057200
2017-02-23,118.760002,119.160004,118.680000,118.940002,118.940002,7523300
2017-02-24,119.739998,119.879997,119.250000,119.699997,119.699997,9809000
2017-02-27,119.730003,120.400002,119.120003,119.120003,119.120003,9263500
2017-02-28,119.709999,119.839996,118.820000,119.230003,119.230003,8727800
2017-03-01,117.980003,119.120003,117.949997,119.059998,119.059998,8679600
2017-03-02,117.760002,118.339996,117.230003,117.580002,117.580002,10986300
2017-03-03,116.949997,117.730003,116.440002,117.510002,117.510002,10665800
2017-03-06,117.349998,117.349998,116.629997,116.720001,116.720001,4883500
2017-03-07,116.129997,116.250000,115.620003,115.779999,115.779999,6846300
2017-03-08,114.989998,115.360001,114.949997,115.059998,115.059998,7620900
2017-03-09,114.779999,115.029999,114.410004,114.470001,114.470001,6410900
2017-03-10,114.449997,114.730003,114.129997,114.720001,114.720001,7929500
2017-03-13,114.629997,114.910004,114.510002,114.739998,114.739998,5807400
2017-03-14,114.540001,115.010002,114.029999,114.120003,114.120003,5301800
2017-03-15,114.290001,116.250000,114.019997,116.250000,116.250000,13524100
2017-03-16,117.269997,117.290001,116.690002,116.730003,116.730003,9322000
2017-03-17,117.040001,117.269997,116.910004,116.989998,116.989998,4683000
2017-03-20,117.309998,117.599998,117.209999,117.510002,117.510002,4000200
2017-03-21,117.769997,118.800003,117.760002,118.540001,118.540001,9567900
2017-03-22,118.870003,119.150002,118.680000,118.830002,118.830002,7287400
2017-03-23,119.150002,119.250000,118.320000,118.669998,118.669998,6201100
2017-03-24,118.500000,119.209999,118.389999,118.860001,118.860001,6879600
2017-03-27,119.930000,120.080002,119.269997,119.529999,119.529999,8519600
2017-03-28,119.739998,119.830002,118.779999,119.040001,119.040001,7112800
2017-03-29,119.220001,119.449997,119.050003,119.330002,119.330002,4911000
2017-03-30,118.769997,119.120003,118.320000,118.470001,118.470001,6894600
2017-03-31,118.610001,119.080002,118.459999,118.720001,118.720001,8520800
2017-04-03,118.690002,119.370003,118.669998,119.349998,119.349998,6105700
2017-04-04,119.589996,119.769997,119.379997,119.620003,119.620003,4687300
2017-04-05,118.620003,119.629997,118.400002,119.620003,119.620003,8106000
2017-04-06,119.220001,119.419998,118.980003,119.180000,119.180000,4633500
2017-04-07,120.300003,120.669998,119.139999,119.459999,119.459999,12351100
2017-04-10,119.040001,119.690002,118.849998,119.459999,119.459999,4623700
2017-04-11,120.330002,121.400002,120.290001,121.190002,121.190002,12455300
2017-04-12,121.379997,122.220001,121.139999,122.019997,122.019997,9502500
2017-04-13,122.540001,122.650002,122.029999,122.599998,122.599998,9892600
2017-04-17,122.550003,123.070000,121.989998,122.239998,122.239998,8469600
2017-04-18,122.430000,123.029999,121.730003,122.820000,122.820000,10903700
2017-04-19,122.250000,122.260002,121.279999,121.730003,121.730003,8472700
2017-04-20,121.820000,122.169998,121.500000,121.959999,121.959999,11787300
2017-04-21,122.139999,122.610001,121.730003,122.309998,122.309998,15608000
2017-04-24,120.769997,121.510002,120.660004,121.480003,121.480003,11053600
2017-04-25,120.529999,120.870003,120.050003,120.250000,120.250000,10344800
2017-04-26,120.209999,120.959999,119.870003,120.839996,120.839996,9758800
2017-04-27,120.419998,120.599998,119.970001,120.389999,120.389999,8267000
2017-04-28,120.339996,120.769997,120.269997,120.769997,120.769997,8928200
2017-05-01,120.209999,120.750000,119.349998,119.669998,119.669998,9331800
2017-05-02,119.300003,119.650002,119.239998,119.650002,119.650002,4900800
2017-05-03,119.180000,119.339996,117.919998,117.980003,117.980003,10811100
2017-05-04,116.809998,117.279999,116.629997,116.790001,116.790001,12406900
2017-05-05,116.860001,117.070000,116.680000,117.010002,117.010002,7127200
2017-05-08,117.029999,117.139999,116.680000,116.750000,116.750000,5438400
2017-05-09,116.180000,116.239998,115.559998,116.050003,116.050003,6801300
2017-05-10,116.419998,116.500000,115.860001,116.040001,116.040001,4290500
2017-05-11,116.209999,116.849998,116.190002,116.500000,116.500000,6274400
2017-05-12,117.070000,117.160004,116.730003,116.830002,116.830002,5434500
2017-05-15,117.519997,117.540001,116.989998,117.139999,117.139999,5019600
2017-05-16,117.449997,117.910004,117.400002,117.650002,117.650002,4942800
2017-05-17,119.360001,120.019997,119.269997,119.790001,119.790001,13936900
2017-05-18,119.769997,119.839996,118.559998,118.809998,118.809998,10341100
2017-05-19,119.389999,119.550003,118.879997,119.400002,119.400002,6787300
2017-05-22,119.629997,120.139999,119.580002,119.900002,119.900002,5132500
2017-05-23,120.129997,120.190002,118.980003,119.139999,119.139999,8305400
2017-05-24,119.070000,119.739998,118.919998,119.610001,119.610001,7025000
2017-05-25,119.519997,119.699997,119.290001,119.480003,119.480003,4105100
2017-05-26,120.489998,120.790001,120.330002,120.540001,120.540001,6791600
2017-05-30,120.239998,120.330002,119.949997,120.139999,120.139999,4507500
2017-05-31,120.309998,121.230003,120.260002,120.620003,120.620003,10360700
2017-06-01,120.169998,120.739998,120.059998,120.720001,120.720001,8702500
2017-06-02,121.309998,121.709999,121.190002,121.610001,121.610001,7268100
2017-06-05,121.910004,121.940002,121.580002,121.730003,121.730003,3979200
2017-06-06,123.089996,123.309998,122.769997,123.099998,123.099998,10798500
2017-06-07,122.790001,123.160004,122.019997,122.449997,122.449997,9039200
2017-06-08,122.070000,122.080002,120.949997,121.650002,121.650002,8157700
2017-06-09,120.459999,120.910004,120.400002,120.540001,120.540001,7054700
2017-06-12,120.330002,120.690002,120.269997,120.360001,120.360001,4927400
2017-06-13,119.949997,120.709999,119.919998,120.480003,120.480003,3786600
2017-06-14,121.510002,121.879997,119.570000,119.820000,119.820000,21124800
2017-06-15,119.220001,119.500000,119.129997,119.320000,119.320000,6796700
2017-06-16,119.349998,119.500000,119.239998,119.339996,119.339996,6435700
2017-06-19,118.739998,118.839996,118.330002,118.430000,118.430000,6787000
2017-06-20,118.419998,118.459999,118.070000,118.180000,118.180000,4617400
2017-06-21,118.150002,118.660004,118.150002,118.519997,118.519997,4723700
2017-06-22,119.129997,119.199997,118.599998,118.919998,118.919998,5811900
2017-06-23,119.650002,119.660004,119.309998,119.430000,119.430000,9258600
2017-06-26,118.290001,118.540001,118.169998,118.360001,118.360001,6593400
2017-06-27,118.870003,119.050003,118.480003,118.809998,118.809998,5759300
2017-06-28,119.059998,119.059998,118.690002,118.900002,118.900002,4220100
2017-06-29,117.970001,118.639999,117.910004,118.320000,118.320000,7705200
2017-06-30,118.080002,118.410004,117.949997,118.019997,118.019997,7272600
2017-07-03,116.540001,116.849998,115.940002,116.089996,116.089996,12145000
2017-07-05,115.910004,116.669998,115.870003,116.519997,116.519997,7223300
2017-07-06,116.580002,116.610001,116.239998,116.470001,116.470001,4443400
2017-07-07,115.779999,115.790001,114.800003,115.279999,115.279999,11153600
2017-07-10,115.019997,115.570000,114.830002,115.470001,115.470001,4970900
2017-07-11,115.260002,115.769997,114.879997,115.620003,115.620003,6637900
2017-07-12,116.209999,116.330002,115.870003,116.029999,116.029999,4654400
2017-07-13,116.040001,116.040001,115.669998,115.820000,115.820000,4148900
2017-07-14,117.040001,117.250000,116.639999,116.769997,116.769997,5788200
2017-07-17,117.419998,117.529999,117.230003,117.290001,117.290001,5170800
2017-07-18,117.989998,118.330002,117.879997,118.110001,118.110001,7158600
2017-07-19,118.180000,118.269997,117.839996,118.080002,118.080002,3205100
2017-07-20,117.919998,118.620003,117.660004,118.239998,118.239998,5571600
2017-07-21,119.000000,119.389999,118.750000,119.260002,119.260002,10135900
2017-07-24,119.519997,119.580002,119.180000,119.309998,119.309998,3654300
2017-07-25,118.989998,119.320000,118.790001,118.919998,118.919998,6203000
2017-07-26,118.570000,120.150002,118.550003,119.879997,119.879997,8527900
2017-07-27,120.099998,120.139999,119.279999,119.790001,119.790001,6385200
2017-07-28,120.150002,120.860001,120.139999,120.690002,120.690002,7393600
2017-07-31,120.500000,120.809998,120.449997,120.750000,120.750000,3944600
2017-08-01,120.440002,121.139999,120.440002,120.650002,120.650002,7365100
2017-08-02,120.510002,121.019997,120.339996,120.400002,120.400002,5945300
2017-08-03,120.309998,120.830002,120.309998,120.589996,120.589996,4275600
2017-08-04,119.970001,120.040001,119.220001,119.650002,119.650002,8644800
2017-08-07,119.430000,119.790001,119.430000,119.510002,119.510002,3010100
2017-08-08,120.019997,120.120003,118.970001,119.860001,119.860001,7227200
2017-08-09,121.019997,121.550003,120.760002,121.309998,121.309998,9186200
2017-08-10,122.080002,122.440002,122.029999,122.209999,122.209999,9817900
2017-08-11,122.239998,122.830002,122.029999,122.790001,122.790001,8019500
2017-08-14,121.980003,122.239998,121.680000,121.919998,121.919998,5910200
2017-08-15,120.599998,121.230003,120.580002,120.980003,120.980003,6731300
2017-08-16,120.660004,122.059998,120.660004,121.870003,121.870003,8267300
2017-08-17,122.290001,122.610001,121.760002,122.489998,122.489998,8183800
2017-08-18,123.370003,123.540001,122.000000,122.300003,122.300003,13654200
2017-08-21,122.540001,122.980003,122.500000,122.760002,122.760002,5549700
2017-08-22,122.559998,122.559998,121.849998,122.209999,122.209999,6493900
2017-08-23,122.580002,122.690002,122.309998,122.669998,122.669998,5038400
2017-08-24,122.389999,122.639999,122.129997,122.290001,122.290001,4193400
2017-08-25,122.769997,123.019997,121.290001,122.739998,122.739998,12398200
2017-08-28,123.330002,124.730003,123.330002,124.690002,124.690002,11578300
2017-08-29,125.809998,125.870003,124.050003,124.419998,124.419998,9861500
2017-08-30,124.330002,124.620003,124.160004,124.360001,124.360001,6328400
2017-08-31,124.580002,125.839996,124.550003,125.820000,125.820000,11775500
2017-09-01,126.010002,126.169998,125.120003,126.059998,126.059998,11567400
2017-09-05,126.650002,127.779999,126.570000,127.459999,127.459999,11813100
2017-09-06,127.339996,127.440002,126.550003,126.809998,126.809998,10059300
2017-09-07,127.559998,128.320007,127.389999,128.130005,128.130005,10219700
2017-09-08,128.210007,128.300003,127.589996,127.970001,127.970001,9020000
2017-09-11,126.739998,126.940002,126.050003,126.190002,126.190002,9126600
2017-09-12,126.029999,126.589996,125.940002,126.559998,126.559998,8349000
2017-09-13,126.400002,126.449997,125.500000,125.610001,125.610001,8491000
2017-09-14,125.660004,126.440002,125.620003,126.160004,126.160004,5330700
2017-09-15,125.989998,125.989998,125.410004,125.529999,125.529999,8375100
2017-09-18,124.709999,124.760002,123.970001,124.360001,124.360001,8859800
2017-09-19,124.489998,124.650002,124.029999,124.620003,124.620003,5826500
2017-09-20,124.680000,125.059998,123.150002,123.620003,123.620003,11415400
2017-09-21,122.559998,123.070000,122.489998,122.680000,122.680000,7757900
2017-09-22,123.029999,123.389999,122.930000,123.239998,123.239998,6011900
2017-09-25,122.779999,124.660004,122.709999,124.529999,124.529999,10257200
2017-09-26,123.570000,123.809998,122.900002,123.139999,123.139999,8673600
2017-09-27,122.040001,122.510002,121.879997,121.980003,121.980003,6903900
2017-09-28,122.040001,122.480003,121.830002,122.209999,122.209999,5968200
2017-09-29,122.290001,122.300003,121.550003,121.580002,121.580002,10208000
2017-10-02,121.169998,121.339996,120.739998,120.769997,120.769997,11755400
2017-10-03,120.720001,121.099998,120.699997,120.830002,120.830002,3728700
2017-10-04,121.209999,121.269997,120.709999,121.169998,121.169998,6475200
2017-10-05,121.150002,121.239998,120.400002,120.519997,120.519997,6205400
2017-10-06,120.260002,121.209999,119.779999,121.089996,121.089996,10013300
2017-10-09,121.639999,122.110001,121.550003,122.080002,122.080002,5264100
2017-10-10,122.620003,122.970001,122.360001,122.400002,122.400002,9315500
2017-10-11,122.570000,122.879997,122.029999,122.790001,122.790001,5649400
2017-10-12,122.839996,123.040001,122.500000,122.889999,122.889999,3037600
2017-10-13,123.660004,123.860001,123.339996,123.820000,123.820000,6820300
2017-10-16,123.820000,123.970001,122.570000,122.970001,122.970001,8202000
2017-10-17,122.029999,122.320000,121.730003,122.129997,122.129997,7041300
2017-10-18,121.709999,121.940002,121.550003,121.669998,121.669998,3666400
2017-10-19,122.199997,122.550003,122.110001,122.389999,122.389999,5567300
2017-10-20,121.680000,121.980003,121.389999,121.610001,121.610001,8481100
2017-10-23,120.980003,121.900002,120.959999,121.800003,121.800003,5069700
2017-10-24,121.260002,121.709999,120.980003,121.330002,121.330002,5114100
2017-10-25,121.309998,121.589996,120.839996,121.349998,121.349998,4282400
2017-10-26,121.160004,121.160004,120.220001,120.330002,120.330002,6438800
2017-10-27,120.379997,120.989998,120.209999,120.900002,120.900002,6664200
2017-10-30,120.379997,121.470001,120.379997,121.129997,121.129997,5119200
2017-10-31,120.820000,120.839996,120.379997,120.669998,120.669998,3910500
2017-11-01,120.980003,121.550003,120.839996,121.110001,121.110001,4647800
2017-11-02,121.290001,121.959999,121.050003,121.190002,121.190002,5369500
2017-11-03,121.360001,121.430000,120.180000,120.620003,120.620003,6330600
2017-11-06,120.720001,121.849998,120.680000,121.650002,121.650002,6953800
2017-11-07,121.510002,121.559998,120.779999,121.209999,121.209999,4165900
2017-11-08,121.949997,122.250000,121.589996,121.629997,121.629997,5565200
2017-11-09,121.849998,122.410004,121.730003,122.129997,122.129997,6072400
2017-11-10,121.989998,122.110001,120.940002,121.129997,121.129997,7116200
2017-11-13,121.430000,121.550003,121.269997,121.309998,121.309998,6249300
2017-11-14,120.900002,121.910004,120.769997,121.559998,121.559998,6189000
2017-11-15,122.129997,122.360001,121.250000,121.410004,121.410004,4984800
2017-11-16,121.449997,121.709999,121.290001,121.400002,121.400002,2796500
2017-11-17,122.150002,123.169998,121.949997,122.860001,122.860001,10614000
2017-11-20,122.300003,122.410004,121.040001,121.309998,121.309998,8356700
2017-11-21,121.669998,122.000000,121.500000,121.510002,121.510002,4956500
2017-11-22,122.260002,122.949997,122.169998,122.629997,122.629997,5211800
2017-11-24,122.360001,122.610001,122.220001,122.320000,122.320000,1779700
2017-11-27,123.260002,123.330002,122.669998,122.830002,122.830002,4961200
2017-11-28,123.050003,123.169998,122.529999,122.809998,122.809998,5603100
2017-11-29,122.239998,122.330002,121.739998,122.040001,122.040001,6138900
2017-11-30,121.440002,121.699997,120.639999,121.099998,121.099998,7936300
2017-12-01,120.940002,122.430000,120.739998,121.589996,121.589996,13080100
2017-12-04,121.150002,121.199997,120.839996,121.180000,121.180000,6943700
2017-12-05,120.099998,120.510002,119.720001,120.320000,120.320000,10041200
2017-12-06,120.040001,120.440002,119.870003,120.070000,120.070000,6643000
2017-12-07,119.010002,119.239998,118.099998,118.489998,118.489998,12900200
2017-12-08,118.489998,118.919998,118.330002,118.480003,118.480003,5231300
2017-12-11,118.370003,118.540001,117.800003,118.010002,118.010002,4522200
2017-12-12,117.650002,118.169998,117.400002,118.150002,118.150002,8020100
2017-12-13,118.190002,119.349998,118.010002,119.169998,119.169998,10086700
2017-12-14,119.099998,119.290001,118.709999,118.930000,118.930000,6993600
2017-12-15,119.410004,119.500000,118.970001,119.180000,119.180000,7532000
2017-12-18,119.629997,119.989998,119.599998,119.730003,119.730003,5452200
2017-12-19,119.669998,119.900002,119.529999,119.820000,119.820000,4018900
2017-12-20,119.980003,120.360001,119.809998,120.139999,120.139999,5734600
2017-12-21,120.070000,120.449997,120.000000,120.309998,120.309998,4823700
2017-12-22,120.669998,121.139999,120.570000,120.940002,120.940002,5791300
2017-12-26,121.550003,121.870003,121.510002,121.769997,121.769997,8224400
2017-12-27,122.000000,122.339996,121.879997,122.230003,122.230003,6232700
2017-12-28,122.820000,122.919998,122.559998,122.849998,122.849998,5732700
2017-12-29,123.699997,124.089996,123.459999,123.650002,123.650002,7852100
2018-01-02,124.660004,125.180000,124.389999,125.150002,125.150002,11762500
2018-01-03,125.050003,125.089996,124.099998,124.820000,124.820000,7904300
2018-01-04,124.889999,125.849998,124.739998,125.459999,125.459999,7329700
2018-01-05,124.930000,125.480003,124.830002,125.330002,125.330002,5739900
2018-01-08,125.199997,125.320000,124.900002,125.309998,125.309998,3566700
2018-01-09,124.489998,124.860001,124.230003,124.730003,124.730003,9153600
2018-01-10,125.169998,125.309998,124.720001,125.029999,125.029999,14809300
2018-01-11,125.370003,125.660004,125.250000,125.440002,125.440002,5994700
2018-01-12,126.010002,127.129997,125.809998,126.959999,126.959999,9258600
2018-01-16,126.599998,127.180000,126.400002,127.169998,127.169998,8083900
2018-01-17,126.769997,127.220001,125.900002,126.139999,126.139999,10095000
2018-01-18,126.129997,126.519997,125.800003,125.860001,125.860001,6289300
2018-01-19,126.570000,126.730003,126.410004,126.419998,126.419998,8773800
2018-01-22,126.510002,126.750000,126.279999,126.650002,126.650002,4893500
2018-01-23,126.529999,127.349998,126.339996,127.279999,127.279999,6190400
2018-01-24,128.389999,129.259995,128.229996,128.830002,128.830002,11827600
2018-01-25,128.690002,129.509995,127.360001,127.970001,127.970001,15219700
2018-01-26,128.240005,128.520004,127.970001,128.070007,128.070007,7828700
2018-01-29,127.580002,127.629997,126.919998,127.349998,127.349998,6956400
2018-01-30,127.910004,127.919998,126.739998,126.800003,126.800003,9736100
2018-01-31,127.449997,127.849998,126.400002,127.650002,127.650002,13418900
2018-02-01,127.180000,128.149994,127.080002,128.070007,128.070007,10854600
2018-02-02,126.809998,126.849998,125.959999,126.389999,126.389999,16789200
2018-02-05,126.820000,127.309998,126.440002,126.709999,126.709999,13596300
2018-02-06,126.540001,126.550003,125.220001,125.379997,125.379997,17672500
2018-02-07,125.480003,125.769997,124.410004,124.790001,124.790001,8558500
2018-02-08,124.919998,125.440002,124.510002,124.980003,124.980003,7343600
2018-02-09,124.650002,125.139999,124.389999,124.769997,124.769997,14140700
2018-02-12,125.190002,125.820000,125.110001,125.370003,125.370003,6984900
2018-02-13,125.669998,126.180000,125.519997,126.080002,126.080002,5321300
2018-02-14,126.470001,128.589996,126.290001,128.229996,128.229996,16416400
2018-02-15,128.429993,128.570007,127.940002,128.380005,128.380005,7276500
2018-02-16,128.300003,128.699997,127.570000,127.959999,127.959999,7956900
2018-02-20,127.279999,127.400002,126.040001,126.239998,126.239998,11148700
2018-02-21,126.360001,126.760002,125.440002,125.660004,125.660004,7908800
2018-02-22,125.919998,126.370003,125.879997,126.300003,126.300003,5346300
2018-02-23,126.059998,126.300003,125.849998,126.139999,126.139999,4239700
2018-02-26,126.449997,126.620003,126.180000,126.449997,126.449997,3194300
2018-02-27,126.059998,126.150002,124.589996,125.129997,125.129997,7082300
2018-02-28,125.089996,125.459999,124.809998,125.000000,125.000000,4534900
2018-03-01,124.150002,125.309998,123.580002,124.720001,124.720001,12910100
2018-03-02,125.669998,125.690002,124.970001,125.389999,125.389999,9994300
2018-03-05,125.349998,125.480003,124.959999,125.180000,125.180000,5778300
2018-03-06,126.199997,126.959999,126.129997,126.529999,126.529999,8676800
2018-03-07,126.220001,126.290001,125.419998,125.720001,125.720001,5158700
2018-03-08,125.690002,125.699997,125.129997,125.419998,125.419998,3474900
2018-03-09,124.940002,125.690002,124.779999,125.540001,125.540001,5066800
2018-03-12,125.040001,125.570000,124.839996,125.540001,125.540001,2884300
2018-03-13,125.669998,125.989998,125.050003,125.779999,125.779999,4798300
2018-03-14,125.489998,125.760002,125.339996,125.699997,125.699997,3777000
2018-03-15,125.120003,125.209999,124.720001,124.900002,124.900002,6130100
2018-03-16,124.839996,124.870003,124.209999,124.599998,124.599998,7402200
2018-03-19,124.570000,125.160004,124.419998,124.870003,124.870003,4335400
2018-03-20,124.410004,124.550003,123.959999,124.309998,124.309998,3399400
2018-03-21,125.400002,126.760002,125.029999,126.480003,126.480003,12532000
2018-03-22,126.089996,126.339996,125.639999,125.980003,125.980003,5298700
2018-03-23,127.820000,128.059998,127.610001,127.610001,127.610001,12025900
2018-03-26,128.050003,128.580002,128.009995,128.279999,128.279999,6169800
2018-03-27,127.230003,127.620003,127.050003,127.489998,127.489998,6180700
2018-03-28,126.480003,126.610001,125.510002,125.730003,125.730003,10254900
2018-03-29,125.419998,125.809998,125.309998,125.790001,125.790001,7102000
2018-04-02,126.650002,127.540001,126.379997,127.260002,127.260002,11421100
2018-04-03,126.540001,126.589996,126.010002,126.300003,126.300003,6083700
2018-04-04,127.500000,127.529999,126.320000,126.449997,126.449997,7488300
2018-04-05,125.449997,126.080002,125.430000,125.800003,125.800003,5333000
2018-04-06,126.570000,126.599998,126.129997,126.389999,126.389999,6121200
2018-04-09,126.449997,126.860001,126.230003,126.820000,126.820000,4189900
2018-04-10,127.019997,127.309998,126.669998,127.120003,127.120003,5268800
2018-04-11,128.089996,129.470001,127.779999,128.110001,128.110001,12348600
2018-04-12,127.250000,127.339996,126.470001,126.620003,126.620003,8141300
2018-04-13,127.070000,127.750000,127.029999,127.449997,127.449997,6821300
2018-04-16,127.739998,128.050003,127.570000,127.629997,127.629997,4600000
2018-04-17,127.019997,127.779999,127.000000,127.750000,127.750000,4184100
2018-04-18,128.320007,128.539993,127.750000,127.849998,127.849998,6755600
2018-04-19,127.809998,127.879997,127.129997,127.599998,127.599998,8736100
2018-04-20,126.690002,126.970001,126.550003,126.629997,126.629997,10403100
2018-04-23,125.620003,125.760002,125.339996,125.620003,125.620003,6921500
2018-04-24,125.779999,126.339996,125.669998,126.230003,126.230003,4733100
2018-04-25,125.230003,125.510002,125.059998,125.410004,125.410004,5985700
2018-04-26,125.540001,125.570000,124.690002,124.970001,124.970001,7517100
2018-04-27,125.199997,125.620003,125.169998,125.500000,125.500000,5654000
2018-04-30,124.410004,125.199997,124.190002,124.589996,124.589996,9830600
2018-05-01,123.900002,123.980003,123.389999,123.709999,123.709999,7551600
2018-05-02,123.900002,124.540001,123.580002,123.650002,123.650002,7614000
2018-05-03,124.660004,124.760002,124.239998,124.279999,124.279999,4857400
2018-05-04,124.099998,124.650002,124.000000,124.540001,124.540001,5883600
2018-05-07,124.500000,124.699997,124.300003,124.570000,124.570000,3397500
2018-05-08,124.139999,124.949997,123.790001,124.589996,124.589996,5551100
2018-05-09,124.449997,124.870003,124.239998,124.330002,124.330002,4405600
2018-05-10,125.220001,125.370003,124.750000,125.180000,125.180000,5218400
2018-05-11,125.570000,125.589996,124.940002,125.000000,125.000000,4299200
2018-05-14,125.160004,125.209999,124.440002,124.489998,124.489998,3753200
2018-05-15,122.820000,122.820000,122.129997,122.480003,122.480003,10911900
2018-05-16,122.379997,122.610001,122.029999,122.290001,122.290001,4943300
2018-05-17,122.230003,122.430000,122.040001,122.360001,122.360001,7781300
2018-05-18,122.050003,122.650002,122.010002,122.410004,122.410004,6837100
2018-05-21,122.160004,122.529999,121.970001,122.480003,122.480003,4126700
2018-05-22,122.699997,122.739998,122.339996,122.410004,122.410004,4579600
2018-05-23,122.139999,122.739998,122.110001,122.540001,122.540001,6974600
2018-05-24,123.099998,123.820000,123.080002,123.589996,123.589996,8850100
2018-05-25,123.660004,123.699997,123.209999,123.209999,123.209999,7920700
2018-05-29,122.839996,123.639999,122.660004,123.190002,123.190002,9013200
2018-05-30,123.169998,123.610001,123.169998,123.370003,123.370003,4573700
2018-05-31,123.260002,123.779999,123.099998,123.099998,123.099998,7862500
2018-06-01,122.580002,123.089996,122.440002,122.489998,122.489998,8059100
2018-06-04,122.849998,122.930000,122.370003,122.370003,122.370003,4345400
2018-06-05,122.550003,123.230003,122.279999,122.849998,122.849998,6864200
2018-06-06,123.080002,123.349998,122.629997,122.919998,122.919998,4083700
2018-06-07,122.959999,123.150002,122.690002,122.860001,122.860001,3700700
2018-06-08,123.080002,123.120003,122.910004,123.010002,123.010002,3865700
2018-06-11,123.099998,123.419998,123.019997,123.230003,123.230003,3201200
2018-06-12,122.949997,123.180000,122.639999,122.820000,122.820000,7279600
2018-06-13,122.839996,123.339996,122.470001,123.190002,123.190002,5867700
2018-06-14,123.629997,123.860001,123.320000,123.379997,123.379997,8015400
2018-06-15,122.180000,122.199997,120.830002,121.339996,121.339996,14537000
2018-06-18,121.349998,121.440002,120.989998,121.110001,121.110001,3846000
2018-06-19,120.809998,121.029999,120.580002,120.800003,120.800003,4925800
2018-06-20,120.790001,120.809998,120.160004,120.260002,120.260002,4548500
2018-06-21,119.919998,120.320000,119.820000,120.050003,120.050003,5681900
2018-06-22,120.209999,120.400002,120.099998,120.339996,120.339996,4489400
2018-06-25,120.000000,120.230003,119.830002,119.889999,119.889999,9300200
2018-06-26,119.279999,119.589996,119.089996,119.260002,119.260002,8674500
2018-06-27,118.959999,119.050003,118.480003,118.580002,118.580002,6480100
2018-06-28,118.589996,118.669998,118.010002,118.220001,118.220001,7760500
2018-06-29,118.430000,118.940002,118.260002,118.650002,118.650002,8002800
2018-07-02,118.180000,118.209999,117.400002,117.459999,117.459999,12021900
2018-07-03,118.410004,119.080002,118.379997,118.650002,118.650002,8901000
2018-07-05,118.919998,119.330002,118.769997,119.050003,119.050003,4951900
2018-07-06,118.970001,119.029999,118.730003,118.860001,118.860001,2946900
2018-07-09,119.650002,119.730003,119.139999,119.150002,119.150002,4074900
2018-07-10,118.889999,119.000000,118.610001,118.930000,118.930000,3754800
2018-07-11,118.449997,118.529999,117.620003,117.639999,117.639999,6974500
2018-07-12,118.000000,118.260002,117.940002,118.129997,118.129997,4585300
2018-07-13,117.620003,117.750000,117.449997,117.610001,117.610001,5444300
2018-07-16,117.510002,117.629997,117.279999,117.550003,117.550003,3670700
2018-07-17,116.720001,116.930000,116.120003,116.279999,116.279999,7939600
2018-07-18,116.029999,116.349998,115.830002,116.309998,116.309998,5391800
2018-07-19,115.129997,116.470001,115.120003,115.809998,115.809998,14227600
2018-07-20,116.400002,116.709999,116.239998,116.559998,116.559998,7892000
2018-07-23,116.250000,116.309998,115.760002,116.000000,116.000000,6247100
2018-07-24,116.220001,116.430000,115.910004,116.040001,116.040001,4801000
2018-07-25,116.790001,116.839996,116.269997,116.680000,116.680000,5479600
2018-07-26,116.239998,116.510002,115.769997,115.769997,115.769997,6382700
2018-07-27,115.919998,116.239998,115.769997,115.830002,115.830002,5242000
2018-07-30,115.800003,116.019997,115.639999,115.650002,115.650002,4157400
2018-07-31,115.470001,116.349998,115.389999,115.989998,115.989998,5508500
2018-08-01,115.629997,115.699997,115.129997,115.139999,115.139999,7941700
2018-08-02,115.169998,115.230003,114.419998,114.519997,114.519997,6204200
2018-08-03,115.089996,115.529999,114.860001,114.919998,114.919998,5953200
2018-08-06,114.559998,114.720001,114.309998,114.330002,114.330002,5811600
2018-08-07,114.849998,114.940002,114.419998,114.589996,114.589996,5188000
2018-08-08,114.750000,114.949997,114.410004,114.910004,114.910004,3808000
2018-08-09,115.019997,115.120003,114.690002,114.739998,114.739998,4252300
2018-08-10,114.809998,115.230003,114.610001,114.690002,114.690002,6757900
2018-08-13,113.809998,113.809998,112.830002,112.959999,112.959999,9130800
2018-08-14,113.250000,113.480003,112.839996,113.070000,113.070000,7085900
2018-08-15,112.169998,112.180000,111.059998,111.190002,111.190002,12398400
2018-08-16,111.459999,111.879997,111.099998,111.099998,111.099998,7484600
2018-08-17,111.690002,112.150002,111.379997,112.129997,112.129997,8471000
2018-08-20,112.379997,112.739998,112.160004,112.690002,112.690002,5313400
2018-08-21,112.769997,113.099998,112.440002,113.019997,113.019997,5042400
2018-08-22,113.389999,113.489998,113.070000,113.269997,113.269997,6215600
2018-08-23,112.680000,112.879997,112.059998,112.199997,112.199997,5500100
2018-08-24,113.250000,114.419998,113.209999,114.160004,114.160004,9214700
2018-08-27,114.120003,114.779999,114.120003,114.589996,114.589996,4364000
2018-08-28,114.760002,114.870003,113.550003,113.680000,113.680000,6101400
2018-08-29,114.160004,114.209999,113.849998,114.199997,114.199997,5616300
2018-08-30,113.919998,113.930000,113.239998,113.639999,113.639999,5431600
2018-08-31,113.720001,114.059998,113.440002,113.510002,113.510002,5048700
2018-09-04,112.750000,113.070000,112.610001,112.930000,112.930000,6617500
2018-09-05,113.360001,113.440002,113.120003,113.320000,113.320000,4459200
2018-09-06,113.889999,114.260002,113.279999,113.540001,113.540001,4784700
2018-09-07,113.260002,113.599998,112.970001,113.230003,113.230003,3714000
2018-09-10,113.260002,113.430000,113.000000,113.150002,113.150002,2316500
2018-09-11,112.650002,113.370003,112.419998,113.220001,113.220001,3791300
2018-09-12,113.120003,114.389999,113.059998,114.169998,114.169998,6315900
2018-09-13,114.720001,114.779999,113.580002,113.760002,113.760002,5635900
2018-09-14,113.790001,113.900002,112.910004,113.019997,113.019997,5375600
2018-09-17,113.599998,114.029999,113.550003,113.610001,113.610001,4727300
2018-09-18,113.790001,113.910004,113.279999,113.440002,113.440002,4737800
2018-09-19,113.940002,114.150002,113.680000,113.879997,113.879997,4223200
2018-09-20,114.209999,114.370003,113.860001,114.269997,114.269997,4384200
2018-09-21,112.870003,113.680000,112.790001,113.489998,113.489998,6831400
2018-09-24,113.680000,113.959999,113.430000,113.470001,113.470001,4435300
2018-09-25,113.750000,113.889999,113.570000,113.650002,113.650002,3004800
2018-09-26,113.110001,113.599998,112.660004,113.050003,113.050003,8297300
2018-09-27,112.099998,112.419998,111.849998,112.050003,112.050003,7683400
2018-09-28,112.160004,113.000000,112.070000,112.760002,112.760002,6020600
2018-10-01,112.400002,112.620003,112.150002,112.570000,112.570000,3892600
2018-10-02,113.699997,114.330002,113.610001,113.870003,113.870003,10776700
2018-10-03,113.870003,114.050003,113.260002,113.419998,113.419998,6674500
2018-10-04,113.830002,114.190002,113.260002,113.480003,113.480003,6616200
2018-10-05,113.809998,114.099998,113.570000,113.800003,113.800003,7994400
2018-10-08,112.250000,112.589996,111.900002,112.540001,112.540001,12111600
2018-10-09,112.370003,112.669998,111.970001,112.599998,112.599998,8352300
2018-10-10,112.470001,112.959999,112.250000,112.879997,112.879997,10571300
2018-10-11,114.199997,116.040001,114.089996,115.779999,115.779999,26810900
2018-10-12,115.580002,115.709999,115.080002,115.230003,115.230003,12939300
2018-10-15,116.120003,116.529999,115.889999,116.000000,116.000000,11828400
2018-10-16,116.489998,116.599998,115.800003,115.800003,115.800003,9531800
2018-10-17,115.889999,116.330002,115.680000,115.790001,115.790001,7078600
2018-10-18,115.830002,116.410004,115.629997,115.919998,115.919998,7964100
2018-10-19,116.230003,116.239998,115.959999,116.010002,116.010002,7453900
2018-10-22,115.570000,115.779999,115.430000,115.709999,115.709999,5200500
2018-10-23,117.160004,117.250000,116.330002,116.389999,116.389999,12704200
2018-10-24,116.379997,116.720001,116.110001,116.660004,116.660004,8563300
2018-10-25,116.580002,116.730003,116.190002,116.400002,116.400002,8303500
2018-10-26,116.830002,117.650002,116.459999,116.769997,116.769997,15733100
2018-10-29,116.410004,116.540001,115.839996,116.309998,116.309998,8732500
2018-10-30,115.849998,116.040001,115.639999,115.800003,115.800003,7233300
2018-10-31,114.889999,115.169998,114.660004,115.150002,115.150002,11409300
2018-11-01,116.330002,117.070000,116.180000,116.629997,116.629997,13662900
2018-11-02,116.610001,116.980003,116.389999,116.650002,116.650002,8796900
2018-11-05,116.279999,116.669998,116.230003,116.370003,116.370003,6291500
2018-11-06,116.440002,116.529999,115.739998,116.040001,116.040001,7270800
2018-11-07,116.260002,116.349998,115.900002,116.029999,116.029999,8392100
2018-11-08,115.769997,116.150002,115.500000,115.779999,115.779999,7638800
2018-11-09,114.599998,114.750000,114.139999,114.480003,114.480003,14159200
2018-11-12,114.010002,114.050003,113.580002,113.660004,113.660004,7498600
2018-11-13,113.720001,113.930000,113.419998,113.699997,113.699997,9309000
2018-11-14,113.529999,115.059998,113.459999,114.639999,114.639999,13950200
2018-11-15,114.830002,114.989998,114.559998,114.769997,114.769997,8910600
2018-11-16,115.830002,115.879997,115.370003,115.620003,115.620003,8577000
2018-11-19,115.449997,115.919998,115.370003,115.669998,115.669998,8508300
2018-11-20,115.940002,115.949997,115.370003,115.669998,115.669998,9075100
2018-11-21,115.940002,116.349998,115.860001,115.860001,115.860001,8834200
2018-11-23,115.760002,115.879997,115.589996,115.769997,115.769997,3726600
2018-11-26,115.839996,115.870003,115.529999,115.639999,115.639999,4018600
2018-11-27,115.550003,115.629997,114.599998,114.949997,114.949997,9671100
2018-11-28,114.760002,116.070000,114.589996,115.379997,115.379997,13788800
2018-11-29,115.970001,116.239998,115.559998,115.739998,115.739998,6479300
2018-11-30,115.419998,115.660004,115.040001,115.540001,115.540001,8169600
2018-12-03,116.599998,116.769997,116.300003,116.410004,116.410004,8469500
2018-12-04,117.370003,117.389999,116.930000,117.120003,117.120003,7186100
2018-12-06,117.379997,117.690002,116.919998,117.139999,117.139999,9267600
2018-12-07,117.620003,118.230003,117.540001,118.089996,118.089996,10402900
2018-12-10,117.699997,117.940002,117.419998,117.680000,117.680000,8117900
2018-12-11,117.669998,117.889999,117.349998,117.540001,117.540001,6395400
2018-12-12,117.699997,117.949997,117.610001,117.790001,117.790001,4136800
2018-12-13,117.540001,117.620003,117.260002,117.529999,117.529999,4131800
2018-12-14,116.629997,117.300003,116.580002,117.059998,117.059998,7501700
2018-12-17,117.370003,118.029999,117.349998,117.870003,117.870003,8454900
2018-12-18,117.849998,118.199997,117.809998,118.150002,118.150002,7542900
2018-12-19,118.239998,118.959999,117.400002,117.430000,117.430000,13827500
2018-12-20,119.110001,119.739998,118.680000,119.239998,119.239998,18615100
2018-12-21,119.190002,119.250000,118.570000,118.720001,118.720001,13629800
2018-12-24,119.570000,120.139999,119.570000,120.019997,120.019997,9736400
2018-12-26,120.620003,121.000000,119.570000,119.660004,119.660004,14293500
2018-12-27,120.570000,120.900002,120.139999,120.570000,120.570000,11874400
2018-12-28,120.800003,121.080002,120.720001,121.059998,121.059998,6864700
2018-12-31,120.980003,121.260002,120.830002,121.250000,121.250000,8449400
2019-01-02,121.349998,121.750000,120.879997,121.330002,121.330002,12776200
2019-01-03,121.779999,122.459999,121.730003,122.430000,122.430000,15440800
2019-01-04,121.320000,121.599998,120.690002,121.440002,121.440002,13334000
2019-01-07,122.160004,122.220001,121.570000,121.860001,121.860001,7473600
2019-01-08,121.150002,121.709999,121.059998,121.529999,121.529999,7643100
2019-01-09,121.449997,122.339996,121.440002,122.309998,122.309998,10555900
2019-01-10,121.980003,122.180000,121.570000,121.589996,121.589996,6672000
2019-01-11,121.739998,122.050003,121.660004,121.800003,121.800003,8622400
2019-01-14,122.150002,122.239998,121.870003,122.089996,122.089996,6477100
2019-01-15,122.279999,122.379997,121.620003,121.879997,121.879997,7512500
2019-01-16,122.040001,122.440002,122.019997,122.269997,122.269997,6878100
2019-01-17,122.029999,122.260002,121.809998,122.110001,122.110001,8558500
2019-01-18,121.230003,121.519997,121.019997,121.019997,121.019997,10896000
2019-01-22,121.180000,121.500000,120.900002,121.449997,121.449997,7896500
2019-01-23,120.959999,121.540001,120.860001,121.279999,121.279999,5224900
2019-01-24,121.160004,121.360001,120.919998,121.089996,121.089996,5662500
2019-01-25,122.019997,122.910004,122.019997,122.860001,122.860001,11103300
2019-01-28,122.750000,123.290001,122.720001,123.290001,123.290001,8522200
2019-01-29,123.709999,124.000000,123.459999,123.980003,123.980003,11610200
2019-01-30,123.910004,125.070000,123.699997,124.690002,124.690002,12104000
2019-01-31,125.180000,125.230003,124.620003,124.750000,124.750000,10209500
2019-02-01,124.889999,125.050003,124.370003,124.500000,124.500000,12485500
2019-02-04,123.989998,124.290001,123.820000,123.959999,123.959999,6878900
2019-02-05,124.290001,124.419998,124.050003,124.279999,124.279999,6291100
2019-02-06,124.160004,124.190002,123.400002,123.440002,123.440002,6595100
2019-02-07,123.800003,123.949997,123.440002,123.739998,123.739998,5935500
2019-02-08,124.050003,124.330002,123.980003,124.209999,124.209999,4235200
2019-02-11,123.190002,123.820000,123.190002,123.599998,123.599998,4821800
2019-02-12,123.959999,124.029999,123.610001,123.860001,123.860001,4271900
2019-02-13,123.839996,124.550003,123.309998,123.370003,123.370003,7640500
2019-02-14,123.839996,124.199997,123.529999,124.059998,124.059998,6276500
2019-02-15,124.589996,125.000000,124.180000,124.800003,124.800003,12190100
2019-02-19,125.980003,126.790001,125.930000,126.699997,126.699997,15614000
2019-02-20,127.000000,127.209999,126.309998,126.480003,126.480003,8889700
2019-02-21,126.150002,126.220001,125.050003,125.050003,125.050003,8634600
2019-02-22,125.529999,125.949997,125.389999,125.500000,125.500000,5439400
2019-02-25,125.779999,125.900002,125.230003,125.370003,125.370003,4882600
2019-02-26,125.330002,125.620003,125.050003,125.580002,125.580002,5153200
2019-02-27,125.169998,125.230003,124.400002,124.690002,124.690002,7935600
2019-02-28,124.709999,124.709999,123.980003,123.989998,123.989998,7811700
2019-03-01,123.480003,123.959999,121.870003,121.879997,121.879997,16411700
2019-03-04,121.559998,121.849998,121.180000,121.559998,121.559998,10272600
2019-03-05,121.379997,121.730003,121.029999,121.720001,121.720001,7120100
2019-03-06,121.430000,121.639999,121.260002,121.610001,121.610001,4820400
2019-03-07,121.269997,121.709999,121.180000,121.510002,121.510002,6088800
2019-03-08,122.699997,122.889999,122.370003,122.839996,122.839996,10425100
